StateFIPS,CountyFIPS,M_With_Ins,M_Without_Ins,F_With_Ins,F_Without_Ins,All_With_Ins,All_Without_Ins
02,013,876,1317,566,540,1442,1857
02,016,2470,769,1707,564,4177,1333
02,020,120747,23245,122426,21393,243173,44638
02,050,6396,2708,6627,1774,13023,4482
02,060,419,124,349,67,768,191
02,068,822,253,674,250,1496,503
02,070,1678,900,1837,546,3515,1446
02,090,40605,6957,40210,5322,80815,12279
02,100,960,422,944,228,1904,650
02,105,798,328,711,288,1509,616
02,110,13739,2433,13582,2213,27321,4646
02,122,22391,6435,21668,5433,44059,11868
02,130,5339,1428,5527,1082,10866,2510
02,150,4941,1920,4943,1479,9884,3399
02,158,2762,1427,2921,791,5683,2218
02,164,445,286,513,230,958,516
02,170,39282,9314,37751,8084,77033,17398
02,180,3506,1605,3430,1114,6936,2719
02,185,4847,1248,2579,910,7426,2158
02,188,2690,1455,2542,1021,5232,2476
02,195,1310,381,1193,320,2503,701
02,198,2209,1252,2046,862,4255,2114
02,220,3635,841,3591,692,7226,1533
02,230,380,147,371,101,751,248
02,240,2889,853,2454,666,5343,1519
02,261,3670,1292,3566,884,7236,2176
02,275,941,280,926,221,1867,501
02,282,289,78,217,59,506,137
02,290,1795,1225,1692,907,3487,2132
01,001,23500,2781,25417,2727,48917,5508
01,003,79768,13644,88015,11343,167783,24987
01,005,9578,2163,10750,1569,20328,3732
01,007,9342,1012,9421,995,18763,2007
01,009,24629,3642,25922,3017,50551,6659
01,011,4088,1066,4191,762,8279,1828
01,013,8129,1223,9482,1236,17611,2459
01,015,47992,7440,53518,6245,101510,13685
01,017,13928,2198,15131,2476,29059,4674
01,019,11401,1404,11730,1137,23131,2541
01,021,18164,3252,18371,3712,36535,6964
01,023,5384,934,6098,850,11482,1784
01,025,9881,1825,11159,1934,21040,3759
01,027,5518,1022,5839,886,11357,1908
01,029,6234,1017,6582,1013,12816,2030
01,031,20688,2891,22567,2783,43255,5674
01,033,23057,3007,24955,3003,48012,6010
01,035,4925,1217,5227,1449,10152,2666
01,037,4474,866,4605,805,9079,1671
01,039,15536,2520,16877,2437,32413,4957
01,041,5847,939,6229,748,12076,1687
01,043,33641,6024,34557,5978,68198,12002
01,045,19228,3179,21602,3161,40830,6340
01,047,16398,2891,19599,2951,35997,5842
01,049,28735,6363,29767,5509,58502,11872
01,051,31679,3669,36728,3425,68407,7094
01,053,14055,3261,14958,3333,29013,6594
01,055,42271,7457,46984,6023,89255,13480
01,057,7557,832,7568,751,15125,1583
01,059,12966,2200,13441,2767,26407,4967
01,061,10913,2091,11495,1977,22408,4068
01,063,3304,777,4081,484,7385,1261
01,065,6051,997,7096,854,13147,1851
01,067,7002,1164,7934,926,14936,2090
01,069,42001,6928,47530,6187,89531,13115
01,071,21752,4072,23118,3424,44870,7496
01,073,266456,40710,307962,36469,574418,77179
01,075,5876,885,6248,980,12124,1865
01,077,38885,5228,42682,5167,81567,10395
01,079,14223,2042,15306,1773,29529,3815
01,081,64110,8577,69209,7141,133319,15718
01,083,35387,5442,38770,5206,74157,10648
01,085,4122,883,5036,563,9158,1446
01,087,7564,1437,9797,1011,17361,2448
01,089,145531,20878,156037,19760,301568,40638
01,091,8133,1209,9532,1205,17665,2414
01,093,12619,1902,13590,1618,26209,3520
01,095,37272,8805,40331,7023,77603,15828
01,097,163094,28997,185337,28790,348431,57787
01,099,8832,1717,9448,2005,18280,3722
01,101,88803,15281,105296,13407,194099,28688
01,103,48705,9071,51963,8345,100668,17416
01,105,3926,666,4539,757,8465,1423
01,107,8174,1403,8582,1095,16756,2498
01,109,13996,1760,15437,1754,29433,3514
01,111,9324,1666,9877,1545,19201,3211
01,113,22282,4430,24884,4777,47166,9207
01,115,36930,4549,38204,4318,75134,8867
01,117,88004,9927,95944,7945,183948,17872
01,119,4522,1343,6152,1187,10674,2530
01,121,32170,5151,36501,4860,68671,10011
01,123,16879,2385,18924,2428,35803,4813
01,125,85157,10782,93413,9656,178570,20438
01,127,26799,4750,29620,4050,56419,8800
01,129,7140,1263,7114,1352,14254,2615
01,131,4326,879,4850,921,9176,1800
01,133,10251,1462,10390,1726,20641,3188
05,001,7568,1273,8583,1068,16151,2341
05,003,8544,1538,9494,1478,18038,3016
05,005,17259,2372,18915,2026,36174,4398
05,007,100609,16255,105249,14411,205858,30666
05,009,15299,2602,16771,2130,32070,4732
05,011,4534,989,4797,793,9331,1782
05,013,2227,411,2228,320,4455,731
05,015,11137,2296,11452,2537,22589,4833
05,017,4159,829,4935,763,9094,1592
05,019,9169,1412,10481,1349,19650,2761
05,021,6214,1308,6654,1090,12868,2398
05,023,10744,1960,10629,2018,21373,3978
05,025,3802,415,3698,517,7500,932
05,027,9961,1427,10874,1642,20835,3069
05,029,8987,1322,9349,1275,18336,2597
05,031,40807,8090,44480,7051,85287,15141
05,033,25253,4761,27005,4175,52258,8936
05,035,19835,3330,22367,3672,42202,7002
05,037,6927,1358,7966,1005,14893,2363
05,039,3076,490,3215,559,6291,1049
05,041,4813,911,5534,1048,10347,1959
05,043,7468,1560,8028,1292,15496,2852
05,045,50314,7392,53062,7289,103376,14681
05,047,7539,1116,7827,1098,15366,2214
05,049,5109,849,5326,756,10435,1605
05,051,37960,8263,42017,7421,79977,15684
05,053,7806,1002,8160,929,15966,1931
05,055,18199,3041,18855,2801,37054,5842
05,057,8639,2045,9584,1824,18223,3869
05,059,13038,2294,13930,2154,26968,4448
05,061,5307,1242,5610,1218,10917,2460
05,063,15227,2627,15939,2658,31166,5285
05,065,5407,912,5285,1083,10692,1995
05,067,6560,1207,5615,903,12175,2110
05,069,28435,4044,32557,4219,60992,8263
05,071,10777,1961,11377,1613,22154,3574
05,073,2809,635,3106,588,5915,1223
05,075,6805,1419,7182,1309,13987,2728
05,077,3231,875,3863,488,7094,1363
05,079,3666,768,4639,745,8305,1513
05,081,5288,1050,5384,837,10672,1887
05,083,9588,1364,9291,1510,18879,2874
05,085,29648,4044,31951,3462,61599,7506
05,087,6461,1384,6587,1199,13048,2583
05,089,6880,1224,7080,1120,13960,2344
05,091,17114,3465,18108,3769,35222,7234
05,093,17754,3431,19318,3527,37072,6958
05,095,3037,567,3412,620,6449,1187
05,097,3605,881,3865,705,7470,1586
05,099,3408,824,3731,631,7139,1455
05,101,3470,553,3379,594,6849,1147
05,103,10245,1311,11605,1487,21850,2798
05,105,4607,478,4566,527,9173,1005
05,107,7585,1824,9003,1794,16588,3618
05,109,4360,993,4734,847,9094,1840
05,111,9578,2099,10369,1842,19947,3941
05,113,8138,1727,8596,1765,16734,3492
05,115,26407,4371,27067,4343,53474,8714
05,117,3510,522,3650,570,7160,1092
05,119,155362,28215,177974,23280,333336,51495
05,121,7056,1477,7688,1129,14744,2606
05,123,9159,2301,10761,1502,19920,3803
05,125,48403,6658,52131,5374,100534,12032
05,127,4655,872,4639,631,9294,1503
05,129,3284,668,3306,618,6590,1286
05,131,52036,9869,54137,10109,106173,19978
05,133,6695,1825,6927,1633,13622,3458
05,135,6873,1357,7332,1315,14205,2672
05,137,5402,908,5237,859,10639,1767
05,139,16488,2920,17939,2885,34427,5805
05,141,6656,1663,7101,1386,13757,3049
05,143,89087,18167,92453,14933,181540,33100
05,145,32331,6006,34463,5243,66794,11249
05,147,2662,686,2965,550,5627,1236
05,149,8865,1837,9456,1380,18321,3217
04,001,25743,9201,28542,7852,54285,17053
04,003,47589,6771,55718,6614,103307,13385
04,005,53505,13515,57656,11293,111161,24808
04,007,21863,4070,22671,3830,44534,7900
04,009,13834,2323,15164,2098,28998,4421
04,011,4139,584,3643,617,7782,1201
04,012,8733,1429,8625,1321,17358,2750
04,013,1633881,332342,1747583,275016,3381464,607358
04,015,79661,16608,86521,14132,166182,30740
04,017,41839,10188,44822,8626,86661,18814
04,019,404930,70973,444390,59712,849320,130685
04,021,155409,24692,163328,23603,318737,48295
04,023,18361,3991,20136,4339,38497,8330
04,025,90324,14466,95351,14369,185675,28835
04,027,76032,20388,81132,17421,157164,37809
06,001,681621,88190,732996,70544,1414617,158734
06,003,512,142,400,77,912,219
06,005,14369,1631,15820,1060,30189,2691
06,007,92483,16326,98566,12938,191049,29264
06,009,19250,2526,20634,1972,39884,4498
06,011,8848,2183,8582,1592,17430,3775
06,013,474034,57497,510094,48931,984128,106428
06,015,10237,1462,11012,1310,21249,2772
06,017,81148,9011,83819,7027,164967,16038
06,019,379453,88591,410573,66736,790026,155327
06,021,11142,2797,11606,2187,22748,4984
06,023,54679,11986,56929,10368,111608,22354
06,025,66068,14972,71962,14770,138030,29742
06,027,7794,1063,8106,971,15900,2034
06,029,344109,73189,358933,60514,703042,133703
06,031,53683,10579,57172,9062,110855,19641
06,033,25756,5905,27121,4688,52877,10593
06,035,10144,1107,9576,1144,19720,2251
06,037,3904322,997326,4230137,837175,8134459,1834501
06,039,57486,14771,62076,10344,119562,25115
06,041,111107,10737,123055,8224,234162,18961
06,043,7924,871,8092,729,16016,1600
06,045,35930,7213,38036,5443,73966,12656
06,047,106738,23878,112633,17643,219371,41521
06,049,3678,797,3881,584,7559,1381
06,051,5317,1929,5413,1413,10730,3342
06,053,160439,42733,173038,33794,333477,76527
06,055,59832,8787,62340,7435,122172,16222
06,057,41033,6956,43911,5718,84944,12674
06,059,1292176,237090,1361429,208099,2653605,445189
06,061,158349,18543,172630,13950,330979,32493
06,063,8108,1407,8361,926,16469,2333
06,065,916746,207979,974823,175978,1891569,383957
06,067,607503,96682,666343,79357,1273846,176039
06,069,24382,4284,25574,3155,49956,7439
06,071,825890,177988,886691,159538,1712581,337526
06,073,1301142,234576,1380888,206949,2682030,441525
06,075,384329,40788,380762,30288,765091,71076
06,077,290726,55049,311300,42817,602026,97866
06,079,117241,17433,120210,14696,237451,32129
06,081,330032,36082,349501,29233,679533,65315
06,083,175112,37490,186064,30108,361176,67598
06,085,840137,93794,849441,75798,1689578,169592
06,087,115040,17940,121172,13853,236212,31793
06,089,73691,13334,79630,10912,153321,24246
06,091,1238,258,1387,108,2625,366
06,093,18728,2957,19573,2444,38301,5401
06,095,175710,24415,193177,19391,368887,43806
06,097,208988,31276,224981,25613,433969,56889
06,099,217812,41373,231370,33483,449182,74856
06,101,38662,7984,41134,6258,79796,14242
06,103,26592,4414,27736,3843,54328,8257
06,105,5379,1332,5355,1094,10734,2426
06,107,180176,44296,190135,35140,370311,79436
06,109,22107,3017,23557,2159,45664,5176
06,111,347674,63746,371628,51009,719302,114755
06,113,87463,12481,95866,9946,183329,22427
06,115,29943,5357,31024,4787,60967,10144
08,001,189978,44652,197245,35868,387223,80520
08,003,6483,1147,7379,814,13862,1961
08,005,252809,43197,271608,35597,524417,78794
08,007,4749,1386,4721,1212,9470,2598
08,009,1438,301,1643,218,3081,519
08,011,1493,338,1601,192,3094,530
08,013,140104,14558,141062,12224,281166,26782
08,014,27449,2447,28789,1679,56238,4126
08,015,7356,1459,7403,1018,14759,2477
08,017,811,220,747,179,1558,399
08,019,4096,515,4092,306,8188,821
08,021,3320,750,3543,595,6863,1345
08,023,1581,285,1395,320,2976,605
08,025,1759,271,2125,266,3884,537
08,027,1613,524,1736,413,3349,937
08,029,11449,2812,12536,2420,23985,5232
08,031,267697,53725,282385,39310,550082,93035
08,033,899,118,758,87,1657,205
08,035,143468,8170,147150,7231,290618,15401
08,037,22270,5524,20430,4256,42700,9780
08,039,10597,1313,10716,1135,21313,2448
08,041,266035,37593,290199,30351,556234,67944
08,043,14966,2281,16985,1946,31951,4227
08,045,20773,7848,21056,6668,41829,14516
08,047,2491,343,2426,292,4917,635
08,049,6134,1509,5371,1336,11505,2845
08,051,6999,1402,6139,1059,13138,2461
08,053,356,60,394,64,750,124
08,055,2602,584,2728,405,5330,989
08,057,582,122,572,54,1154,176
08,059,240890,28944,253891,22256,494781,51200
08,061,544,115,676,99,1220,214
08,063,2923,574,3029,542,5952,1116
08,065,3236,742,2684,643,5920,1385
08,067,21982,4645,22642,3415,44624,8060
08,069,139780,17059,145434,13510,285214,30569
08,071,5944,1071,6018,970,11962,2041
08,073,1416,115,2073,159,3489,274
08,075,9154,2218,8832,1110,17986,3328
08,077,62209,10578,64142,9629,126351,20207
08,079,353,28,325,27,678,55
08,081,5485,1268,5327,913,10812,2181
08,083,9654,2983,10467,2391,20121,5374
08,085,16045,3781,16771,3816,32816,7597
08,087,12045,1757,12343,1744,24388,3501
08,089,7592,1415,8057,1311,15649,2726
08,091,1844,395,2086,255,3930,650
08,093,7209,1208,6891,733,14100,1941
08,095,1913,309,1816,268,3729,577
08,097,7865,1330,7024,1144,14889,2474
08,099,5046,965,5307,732,10353,1697
08,101,66883,10100,73703,6961,140586,17061
08,103,3068,361,2880,309,5948,670
08,105,4698,960,4985,882,9683,1842
08,107,10917,1385,9954,1252,20871,2637
08,109,2162,937,2244,871,4406,1808
08,111,264,63,226,53,490,116
08,113,3475,562,3155,453,6630,1015
08,115,964,164,1108,99,2072,263
08,117,12116,3713,10374,2654,22490,6367
08,119,10383,1275,10200,1245,20583,2520
08,121,2001,259,2092,170,4093,429
08,123,117241,16815,118408,15738,235649,32553
08,125,4057,678,4550,756,8607,1434
09,001,398180,55567,432919,44703,831099,100270
09,003,390154,34444,430902,26115,821056,60559
09,005,84207,7090,88395,5185,172602,12275
09,007,74580,5483,79505,3690,154085,9173
09,009,371693,38036,413529,28371,785222,66407
09,011,117687,9625,127638,6301,245325,15926
09,013,69525,4026,72384,2882,141909,6908
09,015,52591,4669,55081,3442,107672,8111
11,001,276285,22198,323314,14813,599599,37011
10,001,71860,7217,81320,5658,153180,12875
10,003,236835,22972,262252,19167,499087,42139
10,005,87643,11295,96771,8798,184414,20093
12,001,103064,18026,114762,15667,217826,33693
12,003,10298,1772,11081,1480,21379,3252
12,005,68041,15563,74296,13119,142337,28682
12,007,9447,2538,10148,1770,19595,4308
12,009,223646,43920,244237,36499,467883,80419
12,011,701051,186805,768123,176118,1469174,362923
12,013,4924,1212,5067,1382,9991,2594
12,015,65469,12778,72012,12279,137481,25057
12,017,56990,9243,62626,8906,119616,18149
12,019,81814,12802,87934,11830,169748,24632
12,021,129514,37119,141173,31428,270687,68547
12,023,25684,4960,27284,5238,52968,10198
12,027,12016,6079,12514,2527,24530,8606
12,029,5773,1510,5975,1316,11748,2826
12,031,348726,69632,393413,61083,742139,130715
12,033,116879,22448,132565,18328,249444,40776
12,035,40356,7640,45070,7344,85426,14984
12,037,3898,1082,3899,903,7797,1985
12,039,16381,4465,19672,3451,36053,7916
12,041,6212,1652,6150,1794,12362,3446
12,043,4492,1533,4683,1214,9175,2747
12,045,5660,1346,5374,1079,11034,2425
12,047,4472,903,4844,828,9316,1731
12,049,9773,3558,9673,2790,19446,6348
12,051,12624,6343,12932,4928,25556,11271
12,053,69276,13919,77784,11982,147060,25901
12,055,39100,8307,42730,7146,81830,15453
12,057,513975,113535,566133,97187,1080108,210722
12,059,6781,1939,7454,1544,14235,3483
12,061,55362,12465,62107,11598,117469,24063
12,063,17614,2648,18268,2817,35882,5465
12,065,4579,594,5855,714,10434,1308
12,067,2563,950,2877,624,5440,1574
12,069,125259,22303,138043,21490,263302,43793
12,071,255054,66636,280570,55914,535624,122550
12,073,115325,17626,131496,15063,246821,32689
12,075,15211,4276,16052,3841,31263,8117
12,077,2740,935,2544,555,5284,1490
12,079,6335,1640,7137,1571,13472,3211
12,081,133634,30738,149647,26970,283281,57708
12,083,128783,29261,144671,26132,273454,55393
12,085,60203,12641,67195,8716,127398,21357
12,086,913720,345984,1029301,323198,1943021,669182
12,087,29681,9093,27902,7520,57583,16613
12,089,30711,6234,33052,5141,63763,11375
12,091,73497,13973,81113,12515,154610,26488
12,093,13706,4583,14278,3667,27984,8250
12,095,467393,128157,507628,114016,975021,242173
12,097,112065,34689,121293,30788,233358,65477
12,099,529441,128224,596926,111457,1126367,239681
12,101,193843,35107,212253,32228,406096,67335
12,103,365646,75277,414317,64993,779963,140270
12,105,244527,54900,269368,48305,513895,103205
12,107,26738,8046,29921,6747,56659,14793
12,109,89166,11914,97157,10407,186323,22321
12,111,111403,27579,121141,25709,232544,53288
12,113,63955,10401,68241,9510,132196,19911
12,115,156083,29291,177734,25125,333817,54416
12,117,175304,34653,193878,30781,369182,65434
12,119,42824,4040,47895,4641,90719,8681
12,121,16064,4338,18457,3256,34521,7594
12,123,7353,1417,8621,1209,15974,2626
12,125,4013,645,4612,749,8625,1394
12,127,195665,46346,218308,37655,413973,84001
12,129,11867,1904,12202,1544,24069,3448
12,131,22001,6235,24485,4684,46486,10919
12,133,9143,1767,9808,1333,18951,3100
13,001,6884,1813,7352,1904,14236,3717
13,003,2825,1239,2946,1258,5771,2497
13,005,4042,1127,4639,893,8681,2020
13,007,1242,337,1360,353,2602,690
13,009,17553,3212,20229,2532,37782,5744
13,011,7764,1546,7383,1626,15147,3172
13,013,29308,6640,29988,5862,59296,12502
13,015,40864,8691,42129,8803,82993,17494
13,017,6364,1800,7307,1686,13671,3486
13,019,6868,2398,7046,2399,13914,4797
13,021,57314,12905,68408,12534,125722,25439
13,023,5107,829,5784,661,10891,1490
13,025,6714,2402,6844,2433,13558,4835
13,027,5831,1825,6442,1500,12273,3325
13,029,13252,2139,14659,2148,27911,4287
13,031,29523,5724,30317,5977,59840,11701
13,033,8811,2074,9966,1911,18777,3985
13,035,8376,1778,9064,1781,17440,3559
13,037,1590,514,2045,524,3635,1038
13,039,19948,3210,21611,3033,41559,6243
13,043,3697,1481,4227,1339,7924,2820
13,045,44101,9868,48004,9459,92105,19327
13,047,26625,4978,29051,4201,55676,9179
13,049,4584,1208,4690,1299,9274,2507
13,051,104174,23951,119106,24088,223280,48039
13,053,3063,521,3390,255,6453,776
13,055,9063,2149,10018,2139,19081,4288
13,057,93307,17236,99818,14680,193125,31916
13,059,46322,10381,53847,9368,100169,19749
13,061,1022,463,1258,303,2280,766
13,063,91148,33348,106904,32596,198052,65944
13,065,2631,644,2665,720,5296,1364
13,067,283287,61679,312433,56631,595720,118310
13,069,14017,4585,16269,4704,30286,9289
13,071,15045,7292,17560,5434,32605,12726
13,073,57173,6985,62660,6391,119833,13376
13,075,6130,2021,6425,2313,12555,4334
13,077,56787,8063,60351,7622,117138,15685
13,079,5257,1072,5226,836,10483,1908
13,081,8719,1980,9882,2284,18601,4264
13,083,6555,1335,7142,1264,13697,2599
13,085,9301,1797,9935,1457,19236,3254
13,087,9471,2732,11253,2606,20724,5338
13,089,266420,70503,307491,64529,573911,135032
13,091,7503,1809,8548,1351,16051,3160
13,093,4541,1544,5394,1140,9935,2684
13,095,32319,9804,40211,9197,72530,19001
13,097,53134,11539,59541,11129,112675,22668
13,099,3871,934,4701,914,8572,1848
13,101,1259,634,1488,667,2747,1301
13,103,22974,3773,22833,4476,45807,8249
13,105,7653,1521,8694,1435,16347,2956
13,107,7750,2841,9203,2169,16953,5010
13,109,3903,817,4597,1013,8500,1830
13,111,9310,2140,10093,2040,19403,4180
13,113,47425,4750,50925,4698,98350,9448
13,115,36663,8536,40916,7882,77579,16418
13,117,85640,11472,87649,10870,173289,22342
13,119,8671,2036,9360,1836,18031,3872
13,121,395438,75916,432816,71007,828254,146923
13,123,10809,3588,11237,2791,22046,6379
13,125,1233,242,1243,274,2476,516
13,127,30774,7351,35063,7594,65837,14945
13,129,21972,5414,22625,5339,44597,10753
13,131,9315,3037,9964,2735,19279,5772
13,133,6205,1667,6972,1310,13177,2977
13,135,330105,87272,355186,81567,685291,168839
13,137,16605,3957,16796,3866,33401,7823
13,139,73737,19196,76493,17175,150230,36371
13,141,2620,447,3321,625,5941,1072
13,143,11440,2323,12250,2189,23690,4512
13,145,13962,1999,14769,1625,28731,3624
13,147,9591,2477,10690,1905,20281,4382
13,149,4696,946,4900,932,9596,1878
13,151,85371,14877,94784,15133,180155,30010
13,153,58947,10117,65869,9306,124816,19423
13,155,3483,913,3663,807,7146,1720
13,157,25164,4923,26283,4530,51447,9453
13,159,5250,1356,5831,1056,11081,2412
13,161,5847,1475,5753,1799,11600,3274
13,163,5460,2074,6623,1709,12083,3783
13,165,3388,1032,3609,811,6997,1843
13,167,4053,936,3524,722,7577,1658
13,169,11697,2189,12775,1798,24472,3987
13,171,6918,1516,7795,1609,14713,3125
13,173,3545,1171,4178,968,7723,2139
13,175,18632,3499,21023,3685,39655,7184
13,177,11578,1659,12983,1398,24561,3057
13,179,22886,4140,27203,3953,50089,8093
13,181,3005,613,3339,676,6344,1289
13,183,5944,1405,7095,1139,13039,2544
13,185,40735,10962,46699,10123,87434,21085
13,187,12100,2752,13756,1907,25856,4659
13,189,8135,1936,9121,2099,17256,4035
13,191,5469,1281,6025,1132,11494,2413
13,193,4552,1488,5046,1199,9598,2687
13,195,11295,2515,12103,2143,23398,4658
13,197,3072,1249,3655,663,6727,1912
13,199,8287,1832,9123,1925,17410,3757
13,201,2210,518,2575,471,4785,989
13,205,7804,2078,8547,2342,16351,4420
13,207,10708,1782,11425,1731,22133,3513
13,209,3344,832,3630,785,6974,1617
13,211,7275,1122,7953,1354,15228,2476
13,213,14877,4265,16243,3793,31120,8058
13,215,71343,14830,87018,13855,158361,28685
13,217,40481,7653,45244,8348,85725,16001
13,219,14971,1716,15812,1701,30783,3417
13,221,6078,1142,6369,957,12447,2099
13,223,61605,10000,65284,9849,126889,19849
13,225,10354,2667,11558,2377,21912,5044
13,227,12454,2293,12939,1782,25393,4075
13,229,7350,1945,7718,1777,15068,3722
13,231,7234,1444,7439,1428,14673,2872
13,233,15636,4410,17711,3149,33347,7559
13,235,3916,858,4421,852,8337,1710
13,237,8179,2278,9375,1249,17554,3527
13,239,855,251,1046,174,1901,425
13,241,5685,2167,6431,1784,12116,3951
13,243,2791,888,2898,620,5689,1508
13,245,73605,15946,86184,15914,159789,31860
13,247,32871,7965,36981,8361,69852,16326
13,249,1907,610,2016,541,3923,1151
13,251,5274,1358,5852,1327,11126,2685
13,253,3165,893,3756,849,6921,1742
13,255,24186,5838,28153,4617,52339,10455
13,257,10161,2186,11520,1748,21681,3934
13,259,1401,648,1860,389,3261,1037
13,261,11738,2388,13950,2450,25688,4838
13,263,2635,485,2787,563,5422,1048
13,265,620,209,748,144,1368,353
13,267,7168,1613,8696,1947,15864,3560
13,269,2958,903,3593,739,6551,1642
13,271,4484,1276,5636,1127,10120,2403
13,273,3138,942,3922,881,7060,1823
13,275,16665,4194,19432,3831,36097,8025
13,277,14468,4956,16409,4533,30877,9489
13,279,9405,3180,11303,2984,20708,6164
13,281,4375,762,4735,764,9110,1526
13,283,2427,519,2918,501,5345,1020
13,285,26673,5391,30199,5172,56872,10563
13,287,2846,1128,3240,770,6086,1898
13,289,3447,682,3660,630,7107,1312
13,291,8616,1695,9628,1331,18244,3026
13,293,10356,1973,11483,2142,21839,4115
13,295,27895,4896,28522,5676,56417,10572
13,297,36422,5187,37677,6185,74099,11372
13,299,12488,3237,14200,3448,26688,6685
13,301,2094,438,2470,481,4564,919
13,303,7449,1569,8563,1594,16012,3163
13,305,10408,3006,11328,3135,21736,6141
13,307,1238,127,1078,272,2316,399
13,309,1508,335,1962,544,3470,879
13,311,11160,2236,11932,2264,23092,4500
13,313,39089,11898,40821,10887,79910,22785
13,315,2808,532,3002,597,5810,1129
13,317,3817,797,4416,788,8233,1585
13,319,3862,674,4275,476,8137,1150
13,321,7876,2283,8636,2197,16512,4480
15,001,86553,8577,88674,6523,175227,15100
15,003,429201,26111,457423,20975,886624,47086
15,005,32,4,35,4,67,8
15,007,31135,3317,32223,2228,63358,5545
15,009,72806,6977,74047,5505,146853,12482
19,001,3329,296,3429,233,6758,529
19,003,1787,128,1782,125,3569,253
19,005,6267,742,6077,667,12344,1409
19,007,5533,706,5627,672,11160,1378
19,009,2562,254,2676,227,5238,481
19,011,12198,616,12243,509,24441,1125
19,013,59036,5024,62677,4475,121713,9499
19,015,11723,1177,12144,725,23867,1902
19,017,11386,568,11904,318,23290,886
19,019,9284,996,9578,887,18862,1883
19,021,9022,1388,8938,886,17960,2274
19,023,6876,437,6901,491,13777,928
19,025,4349,298,4471,263,8820,561
19,027,9502,392,9945,427,19447,819
19,029,6042,505,6474,308,12516,813
19,031,8437,466,8851,379,17288,845
19,033,19432,1546,20426,1418,39858,2964
19,035,5309,509,5252,390,10561,899
19,037,5706,396,5630,384,11336,780
19,039,3958,680,4065,439,8023,1119
19,041,7388,616,7707,544,15095,1160
19,043,8115,684,8114,656,16229,1340
19,045,21990,1640,22956,1284,44946,2924
19,047,7484,1129,7631,807,15115,1936
19,049,34604,2002,36040,1736,70644,3738
19,051,3242,1023,3150,1212,6392,2235
19,053,3601,468,3449,622,7050,1090
19,055,8234,452,8359,297,16593,749
19,057,17543,1763,19146,1255,36689,3018
19,059,7864,524,7901,469,15765,993
19,061,44017,2826,45546,2267,89563,5093
19,063,4217,614,4425,389,8642,1003
19,065,9182,997,9220,835,18402,1832
19,067,7168,721,7339,613,14507,1334
19,069,4792,399,4761,384,9553,783
19,071,3162,317,3270,234,6432,551
19,073,4174,252,4412,221,8586,473
19,075,5728,300,6002,225,11730,525
19,077,4793,474,4992,343,9785,817
19,079,6519,842,7204,528,13723,1370
19,081,5254,289,5137,260,10391,549
19,083,7755,617,7942,535,15697,1152
19,085,6389,699,6658,472,13047,1171
19,087,8589,702,8945,648,17534,1350
19,089,4305,326,4313,376,8618,702
19,091,4394,301,4616,246,9010,547
19,093,3226,300,3149,267,6375,567
19,095,7475,521,7678,421,15153,942
19,097,8854,774,8959,794,17813,1568
19,099,15903,1312,16644,1164,32547,2476
19,101,7808,1132,7504,729,15312,1861
19,103,62291,5726,65282,4449,127573,10175
19,105,8896,559,9288,493,18184,1052
19,107,4763,393,4784,228,9547,621
19,109,7112,425,7158,327,14270,752
19,111,15554,1813,15861,1472,31415,3285
19,113,98672,7125,102735,6117,201407,13242
19,115,5331,366,5018,426,10349,792
19,117,3889,436,3961,312,7850,748
19,119,5292,567,5245,449,10537,1016
19,121,7185,541,7336,395,14521,936
19,123,10334,800,10558,470,20892,1270
19,125,15729,734,15889,647,31618,1381
19,127,18265,1919,18398,1389,36663,3308
19,129,6865,528,6811,418,13676,946
19,131,4662,625,4802,456,9464,1081
19,133,4113,336,4084,343,8197,679
19,135,3490,602,3357,417,6847,1019
19,137,4447,518,4980,327,9427,845
19,139,19539,1665,19543,1683,39082,3348
19,141,6514,472,6423,477,12937,949
19,143,2812,263,2737,295,5549,558
19,145,6505,822,6810,597,13315,1419
19,147,4213,355,4197,240,8410,595
19,149,11390,766,11769,636,23159,1402
19,151,3169,326,3264,208,6433,534
19,153,202694,17295,213559,13896,416253,31191
19,155,40374,4897,43002,3788,83376,8685
19,157,8281,576,8937,594,17218,1170
19,159,2148,282,2171,273,4319,555
19,161,4568,358,4657,324,9225,682
19,163,74793,7742,80096,5650,154889,13392
19,165,5277,539,5582,372,10859,911
19,167,15807,1411,15737,1129,31544,2540
19,169,45559,2642,42773,1887,88332,4529
19,171,7763,735,7896,704,15659,1439
19,173,2683,396,2720,312,5403,708
19,175,5477,483,5890,585,11367,1068
19,177,3256,524,3112,473,6368,997
19,179,15390,1800,16210,1526,31600,3326
19,181,21891,1175,22863,1028,44754,2203
19,183,9615,1082,9902,1095,19517,2177
19,185,2650,385,2814,433,5464,818
19,187,15924,1780,16616,1216,32540,2996
19,189,4821,308,5032,234,9853,542
19,191,9724,563,9833,484,19557,1047
19,193,43575,6383,47044,4576,90619,10959
19,195,3395,305,3519,243,6914,548
19,197,5785,580,5903,489,11688,1069
16,001,179687,24140,186069,21581,365756,45721
16,003,1685,338,1408,417,3093,755
16,005,35907,5326,35846,5215,71753,10541
16,007,2602,372,2618,308,5220,680
16,009,3578,964,3616,844,7194,1808
16,011,19203,3329,19504,3105,38707,6434
16,013,8753,2073,9000,1457,17753,3530
16,015,3004,611,2874,368,5878,979
16,017,16871,3473,17198,3180,34069,6653
16,019,45074,7432,47260,6823,92334,14255
16,021,4380,1173,3939,1397,8319,2570
16,023,1191,221,978,226,2169,447
16,025,421,117,386,128,807,245
16,027,79546,18096,82935,16843,162481,34939
16,029,3102,281,3077,258,6179,539
16,031,9384,2297,9055,2252,18439,4549
16,033,231,209,329,132,560,341
16,035,3224,522,3185,591,6409,1113
16,037,1931,206,1642,423,3573,629
16,039,9973,1643,10638,1656,20611,3299
16,041,5577,947,5343,1001,10920,1948
16,043,5200,902,5250,990,10450,1892
16,045,6654,1658,6630,1648,13284,3306
16,047,5885,1938,5746,1581,11631,3519
16,049,6967,1125,6473,1223,13440,2348
16,051,11265,2219,11699,1550,22964,3769
16,053,8327,3044,8345,2816,16672,5860
16,055,59838,11075,61963,10877,121801,21952
16,057,17900,1704,16876,1693,34776,3397
16,059,3298,602,3193,606,6491,1208
16,061,1484,347,1502,425,2986,772
16,063,1942,723,1969,587,3911,1310
16,065,16867,2083,17065,1700,33932,3783
16,067,7661,2570,7775,2174,15436,4744
16,069,16662,2619,17470,2343,34132,4962
16,071,1951,229,1800,232,3751,461
16,073,4083,1696,4060,1385,8143,3081
16,075,9157,2205,8899,2287,18056,4492
16,077,3396,471,3203,596,6599,1067
16,079,5282,950,5050,1088,10332,2038
16,081,4354,1025,3953,953,8307,1978
16,083,31896,7143,33910,6119,65806,13262
16,085,3987,1012,3991,647,7978,1659
16,087,4079,918,3849,1041,7928,1959
17,001,28948,3173,31295,2375,60243,5548
17,003,2784,619,3204,517,5988,1136
17,005,7306,520,8056,347,15362,867
17,007,24063,2679,24223,2568,48286,5247
17,009,2570,194,2292,135,4862,329
17,011,14846,1743,15866,1269,30712,3012
17,013,2333,147,2349,90,4682,237
17,015,6529,829,6845,546,13374,1375
17,017,6014,693,5811,576,11825,1269
17,019,92122,9537,95737,6476,187859,16013
17,021,14242,1622,15615,940,29857,2562
17,023,6969,759,7522,678,14491,1437
17,025,5900,719,6221,566,12121,1285
17,027,16679,1061,17243,1018,33922,2079
17,029,22166,3037,25035,2111,47201,5148
17,031,2103599,410838,2348142,330018,4451741,740856
17,033,7860,1003,8562,736,16422,1739
17,035,5052,410,5011,344,10063,754
17,037,45996,5120,47894,4510,93890,9630
17,039,7261,845,7595,448,14856,1293
17,041,7827,1829,8266,1748,16093,3577
17,043,411862,42255,435524,34940,847386,77195
17,045,7988,698,8274,762,16262,1460
17,047,2924,344,3146,201,6070,545
17,049,15617,1332,15938,1040,31555,2372
17,051,8549,1573,9305,1070,17854,2643
17,053,5896,759,6325,444,12221,1203
17,055,17019,2304,17973,1920,34992,4224
17,057,15208,1655,16087,1139,31295,2794
17,059,2279,291,2598,217,4877,508
17,061,5958,630,6055,601,12013,1231
17,063,23054,1929,23379,1691,46433,3620
17,065,3633,433,3779,396,7412,829
17,067,8424,750,8769,629,17193,1379
17,069,1854,295,1872,172,3726,467
17,071,3131,263,3331,252,6462,515
17,073,22242,2034,23560,1281,45802,3315
17,075,12646,1403,13538,1009,26184,2412
17,077,26309,3171,27085,2267,53394,5438
17,079,4354,425,4455,338,8809,763
17,081,16146,1840,16917,1633,33063,3473
17,083,9880,1023,10390,988,20270,2011
17,085,10402,789,10313,741,20715,1530
17,087,4825,579,5104,431,9929,1010
17,089,224538,34989,234737,27421,459275,62410
17,091,47095,6334,52251,4214,99346,10548
17,093,55861,3639,57763,2523,113624,6162
17,095,21329,2604,23479,1962,44808,4566
17,097,300937,38450,317800,30477,618737,68927
17,099,48455,5875,50956,4462,99411,10337
17,101,4119,444,6007,591,10126,1035
17,103,14529,1484,14968,1281,29497,2765
17,105,15541,1274,15881,997,31422,2271
17,107,10390,973,11924,710,22314,1683
17,109,14128,1315,15125,1068,29253,2383
17,111,139659,12815,142634,10986,282293,23801
17,113,77943,5782,83708,4527,161651,10309
17,115,45971,5397,51455,3950,97426,9347
17,117,20678,2287,21756,1563,42434,3850
17,119,117515,12327,126195,8900,243710,21227
17,121,16340,2262,17635,1717,33975,3979
17,123,5466,436,5677,329,11143,765
17,125,6283,631,6482,537,12765,1168
17,127,6263,903,6897,731,13160,1634
17,129,5691,395,6065,299,11756,694
17,131,7464,421,7559,407,15023,828
17,133,15483,875,16248,643,31731,1518
17,135,9479,581,13000,822,22479,1403
17,137,14710,1702,15971,980,30681,2682
17,139,6220,961,6573,851,12793,1812
17,141,23669,2237,23986,2004,47655,4241
17,143,80195,9174,88941,6532,169136,15706
17,145,8538,1052,9344,779,17882,1831
17,147,7673,465,7898,409,15571,874
17,149,6805,886,7199,721,14004,1607
17,151,1911,159,1934,122,3845,281
17,153,2536,325,2743,259,5279,584
17,155,2658,278,2665,215,5323,493
17,157,13720,1275,13830,1116,27550,2391
17,159,7236,745,7280,656,14516,1401
17,161,63474,7177,68428,5696,131902,12873
17,163,109781,15069,125311,11067,235092,26136
17,165,10329,1377,11365,1164,21694,2541
17,167,85893,8590,96636,5726,182529,14316
17,169,2901,954,3084,293,5985,1247
17,171,2232,281,2485,152,4717,433
17,173,9821,1147,10223,732,20044,1879
17,175,2569,280,2704,205,5273,485
17,177,20113,2171,22010,1584,42123,3755
17,179,60428,4933,63659,4342,124087,9275
17,181,7728,927,7935,808,15663,1735
17,183,33321,4625,37214,2928,70535,7553
17,185,5240,427,5446,456,10686,883
17,187,7792,751,8299,666,16091,1417
17,189,6555,581,6684,428,13239,1009
17,191,7396,786,7712,612,15108,1398
17,193,6151,687,6747,545,12898,1232
17,195,25020,2804,26751,2076,51771,4880
17,197,303905,30668,319482,23374,623387,54042
17,199,28472,3366,30947,2498,59419,5864
17,201,123333,16996,134331,12616,257664,29612
17,203,17966,1257,18355,970,36321,2227
18,001,12964,4012,13100,4142,26064,8154
18,003,150074,25374,160131,24245,310205,49619
18,005,34684,4348,34960,4574,69644,8922
18,007,3646,702,3807,512,7453,1214
18,009,5134,903,5344,923,10478,1826
18,011,27235,2530,27975,2173,55210,4703
18,013,6408,1077,6463,932,12871,2009
18,015,8330,1557,8678,1334,17008,2891
18,017,15674,3128,16226,2792,31900,5920
18,019,46813,7703,50697,6414,97510,14117
18,021,11270,1629,11934,1533,23204,3162
18,023,13628,2176,14134,2246,27762,4422
18,025,4818,520,4698,496,9516,1016
18,027,12618,3375,12601,3357,25219,6732
18,029,22206,2249,22495,2168,44701,4417
18,031,11143,1689,11404,1686,22547,3375
18,033,18100,2885,18259,2832,36359,5717
18,035,47799,7995,53817,6250,101616,14245
18,037,19082,1645,19285,1483,38367,3128
18,039,78600,19159,81781,18674,160381,37833
18,041,9694,1943,9985,1830,19679,3773
18,043,32243,4169,34587,3904,66830,8073
18,045,7363,1018,7597,737,14960,1755
18,047,10385,1059,10442,968,20827,2027
18,049,8761,1357,8876,1304,17637,2661
18,051,14615,1936,14958,1606,29573,3542
18,053,27995,4428,31014,4506,59009,8934
18,055,13772,2387,14446,1927,28218,4314
18,057,133967,10141,141488,9471,275455,19612
18,059,31559,3012,33142,2993,64701,6005
18,061,17348,2105,17730,1840,35078,3945
18,063,67526,6690,70754,5627,138280,12317
18,065,18933,3496,20315,3185,39248,6681
18,067,34676,4721,37634,4798,72310,9519
18,069,15653,2203,16607,1913,32260,4116
18,071,18573,2785,18665,2816,37238,5601
18,073,14816,1581,14772,1932,29588,3513
18,075,8849,1480,9460,1250,18309,2730
18,077,13271,2024,13793,1916,27064,3940
18,079,12221,1730,12293,1615,24514,3345
18,081,62927,7284,66581,6702,129508,13986
18,083,16560,2242,15792,2655,32352,4897
18,085,32774,5682,33738,5039,66512,10721
18,087,11118,8061,10668,8069,21786,16130
18,089,201307,34810,220117,31833,421424,66643
18,091,43254,5861,47298,5999,90552,11860
18,093,18953,3406,19695,3087,38648,6493
18,095,51832,8896,56889,7522,108721,16418
18,097,362748,78114,411127,64482,773875,142596
18,099,19603,3532,19708,3640,39311,7172
18,101,4408,705,4409,647,8817,1352
18,103,15202,2349,14794,1817,29996,4166
18,105,62102,8313,63785,7277,125887,15590
18,107,16552,2590,16354,2147,32906,4737
18,109,29956,3980,31211,3523,61167,7503
18,111,5948,1060,5930,916,11878,1976
18,113,20425,2984,20259,3059,40684,6043
18,115,2633,363,2688,297,5321,660
18,117,8431,1230,8677,1134,17108,2364
18,119,8672,1969,8981,1411,17653,3380
18,121,6668,1341,6589,981,13257,2322
18,123,7972,836,8028,831,16000,1667
18,125,5557,670,5607,629,11164,1299
18,127,73133,8037,75759,8265,148892,16302
18,129,11771,823,11940,782,23711,1605
18,131,5661,855,5588,777,11249,1632
18,133,14904,2042,15700,1728,30604,3770
18,135,10277,2030,11109,1822,21386,3852
18,137,12406,1488,13193,1063,25599,2551
18,139,7088,1260,7480,976,14568,2236
18,141,110161,17834,121115,15619,231276,33453
18,143,9893,1578,10912,1052,20805,2630
18,145,18589,2948,19630,2561,38219,5509
18,147,9548,894,9375,821,18923,1715
18,149,10130,1260,10415,1307,20545,2567
18,151,15095,2153,14737,2002,29832,4155
18,153,7878,1578,8160,1317,16038,2895
18,155,4519,866,4272,731,8791,1597
18,157,80039,11380,78153,9682,158192,21062
18,159,6741,937,6682,1027,13423,1964
18,161,3159,488,3209,381,6368,869
18,163,75092,11396,82866,9443,157958,20839
18,165,6822,900,7071,856,13893,1756
18,167,44041,7289,45578,7081,89619,14370
18,169,13812,1655,14518,1409,28330,3064
18,171,3822,278,3874,301,7696,579
18,173,27350,2520,28236,2148,55586,4668
18,175,11739,1976,12453,1484,24192,3460
18,177,26546,5708,28928,5548,55474,11256
18,179,12159,1298,12294,1480,24453,2778
18,181,10690,1293,10944,1212,21634,2505
18,183,14968,1515,15078,1388,30046,2903
20,001,5602,779,5754,741,11356,1520
20,003,3391,487,3407,509,6798,996
20,005,6755,1145,7594,963,14349,2108
20,007,2170,220,2078,261,4248,481
20,009,11051,2075,12159,1703,23210,3778
20,011,6495,677,6594,773,13089,1450
20,013,4257,506,4456,590,8713,1096
20,015,28486,2977,29710,2918,58196,5895
20,017,1131,124,1222,125,2353,249
20,019,1521,247,1429,246,2950,493
20,021,8766,1516,9103,1346,17869,2862
20,023,1218,121,1176,126,2394,247
20,025,923,102,947,113,1870,215
20,027,3729,200,3921,272,7650,472
20,029,3958,606,4098,452,8056,1058
20,031,3749,456,3769,372,7518,828
20,033,871,110,801,154,1672,264
20,035,15033,2174,15862,1800,30895,3974
20,037,16719,2730,16792,2435,33511,5165
20,039,1209,202,1258,150,2467,352
20,041,8495,940,8913,684,17408,1624
20,043,3369,577,3345,455,6714,1032
20,045,51058,6065,51232,5902,102290,11967
20,047,1290,168,1206,232,2496,400
20,049,1202,115,1159,159,2361,274
20,051,12905,1447,13225,1140,26130,2587
20,053,2503,175,2531,190,5034,365
20,055,15943,2762,15431,2753,31374,5515
20,057,14180,3495,13457,3112,27637,6607
20,059,11434,1146,11906,1105,23340,2251
20,061,12763,1900,15626,1357,28389,3257
20,063,1197,166,1179,139,2376,305
20,065,1142,110,1230,83,2372,193
20,067,3212,712,3069,744,6281,1456
20,069,2642,321,2664,352,5306,673
20,071,558,45,560,33,1118,78
20,073,2702,374,2828,399,5530,773
20,075,1002,340,1020,224,2022,564
20,077,2493,375,2511,324,5004,699
20,079,15195,1596,15987,1423,31182,3019
20,081,1728,327,1622,400,3350,727
20,083,865,95,859,85,1724,180
20,085,6111,488,6198,475,12309,963
20,087,8420,1072,8561,588,16981,1660
20,089,1408,98,1412,93,2820,191
20,091,253715,21313,268130,19380,521845,40693
20,093,1894,190,1603,189,3497,379
20,095,3363,510,3365,401,6728,911
20,097,1075,144,1155,93,2230,237
20,099,8898,1349,9121,1373,18019,2722
20,101,741,67,805,52,1546,119
20,103,32327,2740,33288,2774,65615,5514
20,105,1345,193,1349,201,2694,394
20,107,4196,420,4367,475,8563,895
20,109,1279,115,1235,124,2514,239
20,111,13655,2404,14734,2256,28389,4660
20,113,13319,954,13403,941,26722,1895
20,115,5517,413,5490,528,11007,941
20,117,4446,437,4569,366,9015,803
20,119,1927,259,1852,218,3779,477
20,121,14560,1227,15190,1119,29750,2346
20,123,2831,305,2845,162,5676,467
20,125,14212,2402,14815,2214,29027,4616
20,127,2547,272,2581,269,5128,541
20,129,1437,159,1256,162,2693,321
20,131,4754,294,4557,285,9311,579
20,133,7189,752,7269,985,14458,1737
20,135,1414,122,1381,103,2795,225
20,137,2224,186,2154,190,4378,376
20,139,7134,817,7005,918,14139,1735
20,141,1640,184,1669,184,3309,368
20,143,2770,302,2607,274,5377,576
20,145,2766,249,2489,396,5255,645
20,147,2423,223,2562,175,4985,398
20,149,10062,828,10455,805,20517,1633
20,151,4211,523,4352,446,8563,969
20,153,1187,101,1118,98,2305,199
20,155,26523,3668,27232,4141,53755,7809
20,157,2133,203,2218,154,4351,357
20,159,4223,745,4250,598,8473,1343
20,161,31274,2654,32321,2074,63595,4728
20,163,2137,288,2378,226,4515,514
20,165,1432,145,1395,146,2827,291
20,167,3127,317,3121,299,6248,616
20,169,23383,3739,24630,3181,48013,6920
20,171,2104,261,2409,73,4513,334
20,173,211273,35167,222649,30991,433922,66158
20,175,9273,2448,9295,2050,18568,4498
20,177,74433,10865,81597,8636,156030,19501
20,179,1194,108,1070,130,2264,238
20,181,2553,368,2754,325,5307,693
20,183,1693,115,1754,120,3447,235
20,185,1821,295,1823,273,3644,568
20,187,851,125,1027,110,1878,235
20,189,2384,498,2327,489,4711,987
20,191,10137,1312,10578,1128,20715,2440
20,193,3626,233,3656,294,7282,527
20,195,1290,135,1354,99,2644,234
20,197,3155,327,3179,233,6334,560
20,199,662,119,737,59,1399,178
20,201,2552,262,2526,213,5078,475
20,203,1003,143,857,177,1860,320
20,205,3690,733,3839,673,7529,1406
20,207,1367,222,1303,295,2670,517
20,209,59633,19059,64007,16905,123640,35964
21,001,7610,1513,8237,1191,15847,2704
21,003,8287,1643,8621,1617,16908,3260
21,005,9563,1019,10211,858,19774,1877
21,007,3513,513,3619,481,7132,994
21,009,17754,2806,19037,2579,36791,5385
21,011,5097,829,5211,745,10308,1574
21,013,11077,1888,12279,1896,23356,3784
21,015,55944,4960,58053,4777,113997,9737
21,017,8272,1468,8907,1125,17179,2593
21,019,19500,2989,21652,2664,41152,5653
21,021,11987,1657,13140,1313,25127,2970
21,023,3834,355,3880,312,7714,667
21,025,5669,1065,6027,683,11696,1748
21,027,8348,1409,8807,1218,17155,2627
21,029,34539,3232,36542,2294,71081,5526
21,031,5530,791,5527,772,11057,1563
21,033,5306,847,5982,565,11288,1412
21,035,15956,2145,17401,2162,33357,4307
21,037,39050,4835,41623,4503,80673,9338
21,039,1999,371,2234,310,4233,681
21,041,4547,926,4343,777,8890,1703
21,043,11205,2107,11721,1979,22926,4086
21,045,6323,1419,6646,1235,12969,2654
21,047,26112,4412,30171,4471,56283,8883
21,049,15217,1994,16084,1937,31301,3931
21,051,8527,1318,8879,920,17406,2238
21,053,4184,760,4569,523,8753,1283
21,055,3763,740,3854,671,7617,1411
21,057,2711,582,2831,595,5542,1177
21,059,41744,4990,45640,4058,87384,9048
21,061,5339,723,5522,424,10861,1147
21,063,2965,413,2916,409,5881,822
21,065,5958,1112,6469,811,12427,1923
21,067,128848,18757,140094,15307,268942,34064
21,069,5735,1444,6113,1252,11848,2696
21,071,15672,3017,17076,2325,32748,5342
21,073,20632,3089,23049,2051,43681,5140
21,075,2477,379,2656,480,5133,859
21,077,3653,584,3569,651,7222,1235
21,079,7132,1188,7409,1144,14541,2332
21,081,10735,1268,10822,1419,21557,2687
21,083,15937,2107,16799,2228,32736,4335
21,085,10962,1730,11130,1779,22092,3509
21,087,4766,672,5029,568,9795,1240
21,089,15041,2504,16463,2045,31504,4549
21,091,4054,375,3828,357,7882,732
21,093,43690,5003,48278,4751,91968,9754
21,095,11532,2065,12330,1993,23862,4058
21,097,7525,1511,8119,1289,15644,2800
21,099,7399,1564,7956,1268,15355,2832
21,101,19221,2564,21419,2224,40640,4788
21,103,6875,815,6811,876,13686,1691
21,105,1822,351,2083,264,3905,615
21,107,19300,2689,20665,2855,39965,5544
21,109,5322,1225,5727,931,11049,2156
21,111,317681,42529,350615,36744,668296,79273
21,113,21214,2952,22975,2609,44189,5561
21,115,9812,1282,10624,1189,20436,2471
21,117,70758,8846,74031,7822,144789,16668
21,119,6791,1117,6837,1073,13628,2190
21,121,13099,2244,14164,1956,27263,4200
21,123,5839,934,6563,531,12402,1465
21,125,24302,4516,26170,4023,50472,8539
21,127,7013,812,6685,1199,13698,2011
21,129,2586,375,2853,480,5439,855
21,131,4705,562,4739,743,9444,1305
21,133,10039,1495,10330,1616,20369,3111
21,135,5802,997,5818,1025,11620,2022
21,137,9829,1898,10872,1688,20701,3586
21,139,4161,471,4367,333,8528,804
21,141,11222,1890,11565,1903,22787,3793
21,143,3120,448,3167,326,6287,774
21,145,27284,3471,30304,3202,57588,6673
21,147,7222,1104,7267,829,14489,1933
21,149,4194,482,4270,470,8464,952
21,151,36288,4892,39492,4355,75780,9247
21,153,5506,977,5635,760,11141,1737
21,155,8105,1031,8714,824,16819,1855
21,157,13550,1520,14546,1045,28096,2565
21,159,4729,908,4720,774,9449,1682
21,161,7261,1066,7844,818,15105,1884
21,163,12110,1836,12590,1681,24700,3517
21,165,2721,532,2695,318,5416,850
21,167,9137,1331,9758,955,18895,2286
21,169,4014,895,4198,784,8212,1679
21,171,4672,576,4805,542,9477,1118
21,173,11234,1995,11766,1813,23000,3808
21,175,5158,690,5295,629,10453,1319
21,177,12821,2172,13643,1647,26464,3819
21,179,19866,2005,20379,2020,40245,4025
21,181,2885,545,2979,560,5864,1105
21,183,10653,1198,10556,1345,21209,2543
21,185,27429,1803,28212,1375,55641,3178
21,187,4806,448,4930,508,9736,956
21,189,1879,247,2108,300,3987,547
21,191,6614,595,6570,639,13184,1234
21,193,11544,1921,11982,1944,23526,3865
21,195,26905,3723,28765,3303,55670,7026
21,197,5131,829,5551,714,10682,1543
21,199,26787,3975,28664,3411,55451,7386
21,201,1004,78,946,119,1950,197
21,203,7221,929,7651,843,14872,1772
21,205,9643,1561,10476,1707,20119,3268
21,207,7313,1270,7645,1297,14958,2567
21,209,22340,2276,22960,2365,45300,4641
21,211,18124,3024,19538,2289,37662,5313
21,213,7182,1324,7973,907,15155,2231
21,215,8119,615,8069,651,16188,1266
21,217,9975,1923,11125,1615,21100,3538
21,219,4872,1197,4982,1241,9854,2438
21,221,5665,1274,6222,1005,11887,2279
21,223,3727,636,3934,486,7661,1122
21,225,6386,1340,6497,760,12883,2100
21,227,49575,7636,54292,6175,103867,13811
21,229,5190,641,5345,609,10535,1250
21,231,8652,1393,9154,1148,17806,2541
21,233,5656,845,5850,713,11506,1558
21,235,14768,2377,15823,2205,30591,4582
21,237,3089,443,3194,410,6283,853
21,239,10802,1350,12086,961,22888,2311
22,001,25052,4501,26321,5380,51373,9881
22,003,9085,1517,9271,1456,18356,2973
22,005,49740,6573,51245,6347,100985,12920
22,007,9365,1730,10035,1732,19400,3462
22,009,14267,3471,16338,3711,30605,7182
22,011,14324,3286,14852,2707,29176,5993
22,013,5355,1163,6032,1103,11387,2266
22,015,49219,7780,53840,7722,103059,15502
22,017,98254,19517,111467,20545,209721,40062
22,019,78600,15365,84661,14896,163261,30261
22,021,3588,1273,3742,909,7330,2182
22,023,2885,375,3098,336,5983,711
22,025,3492,1086,3512,1194,7004,2280
22,027,6309,1419,5875,1103,12184,2522
22,029,6436,2106,6914,2963,13350,5069
22,031,10910,1898,11889,2111,22799,4009
22,033,182247,29615,203061,26795,385308,56410
22,035,2184,704,2549,627,4733,1331
22,037,7029,1171,7838,1130,14867,2301
22,039,12886,2366,14036,2317,26922,4683
22,041,6763,2057,8079,2208,14842,4265
22,043,7766,1456,8385,1330,16151,2786
22,045,29216,6262,31899,5736,61115,11998
22,047,12326,2175,13307,1618,25633,3793
22,049,6201,1155,6669,1008,12870,2163
22,051,170170,38834,190812,31948,360982,70782
22,053,13196,1961,13402,2304,26598,4265
22,055,95586,16284,100459,17188,196045,33472
22,057,40417,6919,42188,7112,82605,14031
22,059,5609,1111,5849,1087,11458,2198
22,061,18702,3888,20323,3822,39025,7710
22,063,54967,10265,58238,9526,113205,19791
22,065,3300,1738,3621,1747,6921,3485
22,067,9869,2442,11441,2459,21310,4901
22,069,15049,3127,16951,3484,32000,6611
22,071,144150,32246,167332,27871,311482,60117
22,073,55010,13804,65499,15045,120509,28849
22,075,9586,1469,10469,1260,20055,2729
22,077,8902,1807,9933,1729,18835,3536
22,079,51678,10140,57797,9853,109475,19993
22,081,3476,734,3741,775,7217,1509
22,083,6428,3106,7524,2868,13952,5974
22,085,9729,2123,9862,2117,19591,4240
22,087,17811,3166,18950,2585,36761,5751
22,089,21539,3573,23413,3456,44952,7029
22,091,3913,1245,4593,943,8506,2188
22,093,8688,1575,9829,1335,18517,2910
22,095,17705,3182,19606,2968,37311,6150
22,097,33611,6006,36207,6717,69818,12723
22,099,22517,3509,22724,4110,45241,7619
22,101,20511,5130,22112,4804,42623,9934
22,103,100907,15203,110031,14275,210938,29478
22,105,49445,11132,54218,9950,103663,21082
22,107,1437,819,1794,707,3231,1526
22,109,45137,9743,47124,9504,92261,19247
22,111,9243,1520,9346,2002,18589,3522
22,113,23925,4489,26220,4020,50145,8509
22,115,19463,2999,21583,2744,41046,5743
22,117,17546,3722,19486,4016,37032,7738
22,119,15408,3646,17022,3617,32430,7263
22,121,9882,1667,11267,1171,21149,2838
22,123,3298,1763,3779,1842,7077,3605
22,125,6066,805,4546,575,10612,1380
22,127,5058,1136,5731,1183,10789,2319
25,001,96016,5058,106883,4331,202899,9389
25,003,58717,2525,64310,1472,123027,3997
25,005,251666,12617,273204,8304,524870,20921
25,007,7430,957,8134,416,15564,1373
25,009,346008,17841,381455,11050,727463,28891
25,011,32927,1385,35098,984,68025,2369
25,013,211241,11563,233061,6691,444302,18254
25,015,71865,2788,82499,2255,154364,5043
25,017,718895,30371,771113,20090,1490008,50461
25,019,5049,506,4666,283,9715,789
25,021,315500,8590,348517,6448,664017,15038
25,023,230787,9501,249253,6633,480040,16134
25,025,339121,23427,375290,14000,714411,37427
25,027,375789,16106,397311,9771,773100,25877
24,001,30584,2908,32601,2070,63185,4978
24,003,240091,19346,260900,14834,500991,34180
24,005,349705,36042,399264,29786,748969,65828
24,009,40547,3060,42835,2344,83382,5404
24,011,13480,2162,15141,1486,28621,3648
24,013,77013,4409,80583,3425,157596,7834
24,015,45549,4270,47305,3698,92854,7968
24,017,67034,4660,75125,3317,142159,7977
24,019,13800,1515,15552,1228,29352,2743
24,021,108742,8968,114221,7176,222963,16144
24,023,12834,1649,13368,1480,26202,3129
24,025,113060,7086,120857,5276,233917,12362
24,027,137570,9750,145908,8370,283478,18120
24,029,8298,942,9733,599,18031,1541
24,031,430903,54617,474753,48905,905656,103522
24,033,355547,69865,408095,52586,763642,122451
24,035,22094,1470,23452,999,45546,2469
24,037,48738,3615,51331,3219,100069,6834
24,039,8510,1033,10465,1225,18975,2258
24,041,15681,1921,18088,1719,33769,3640
24,043,62393,6419,66780,5372,129173,11791
24,045,41662,5754,48196,4245,89858,9999
24,047,21853,2792,24194,2068,46047,4860
24,510,249644,36380,299583,27012,549227,63392
23,001,46709,5390,50154,4136,96863,9526
23,003,29842,4255,31765,3092,61607,7347
23,005,123850,13135,135529,10366,259379,23501
23,007,13230,1633,13653,1736,26883,3369
23,009,22315,4190,24230,3497,46545,7687
23,011,51871,6022,57298,4550,109169,10572
23,013,15898,2827,17774,2158,33672,4985
23,015,14128,2238,15508,1775,29636,4013
23,017,24711,3543,25809,2981,50520,6524
23,019,65459,9179,69243,7781,134702,16960
23,021,7265,1242,7529,985,14794,2227
23,023,15131,1641,16850,1267,31981,2908
23,025,21672,3489,23389,2515,45061,6004
23,027,16656,2339,17567,2185,34223,4524
23,029,13241,2331,14250,1811,27491,4142
23,031,85969,10381,94299,7360,180268,17741
26,001,4712,568,4643,531,9355,1099
26,003,3733,590,3747,429,7480,1019
26,005,50610,5289,51742,4477,102352,9766
26,007,12241,1820,13037,1605,25278,3425
26,009,10140,1370,10359,1232,20499,2602
26,011,6758,977,6890,630,13648,1607
26,013,2832,242,3020,293,5852,535
26,015,26953,2512,27124,2071,54077,4583
26,017,46672,5401,49948,3721,96620,9122
26,019,7415,1202,7759,873,15174,2075
26,021,66019,9480,70814,8026,136833,17506
26,023,17948,2654,18762,2211,36710,4865
26,025,57482,7460,62320,5876,119802,13336
26,027,22876,3208,23121,2612,45997,5820
26,029,11309,1423,12008,1126,23317,2549
26,031,10755,1840,11273,1519,22028,3359
26,033,15235,2328,15554,1781,30789,4109
26,035,12679,2275,13375,2058,26054,4333
26,037,34356,3186,36596,2139,70952,5325
26,039,6315,630,6190,578,12505,1208
26,041,15893,2084,16433,1892,32326,3976
26,043,11386,1309,12033,912,23419,2221
26,045,47705,4843,51387,3728,99092,8571
26,047,14287,1872,15012,1507,29299,3379
26,049,178891,20287,199440,14671,378331,34958
26,051,10845,1845,11109,1476,21954,3321
26,053,6260,943,6147,942,12407,1885
26,055,37680,4728,41452,3904,79132,8632
26,057,16372,1837,17609,1700,33981,3537
26,059,19711,3065,20196,2809,39907,5874
26,061,17670,2056,15133,1373,32803,3429
26,063,14149,1771,14664,1337,28813,3108
26,065,123123,13582,135036,10043,258159,23625
26,067,27175,3133,27785,2216,54960,5349
26,069,10898,1614,11358,1209,22256,2823
26,071,4921,649,5149,506,10070,1155
26,073,29705,4265,32384,3727,62089,7992
26,075,66927,7612,70651,6782,137578,14394
26,077,111892,12752,120882,9318,232774,22070
26,079,7510,1215,7382,1061,14892,2276
26,081,270413,33224,289867,25135,560280,58359
26,083,1022,115,956,97,1978,212
26,085,4793,755,4941,570,9734,1325
26,087,38764,4435,39708,3818,78472,8253
26,089,9505,1155,10196,775,19701,1930
26,091,42704,4735,44449,3837,87153,8572
26,093,85073,6726,86466,5495,171539,12221
26,095,2435,347,2435,217,4870,564
26,097,4638,839,4680,745,9318,1584
26,099,368100,43732,401222,35114,769322,78846
26,101,9995,1585,10661,1055,20656,2640
26,103,28379,4020,30126,2915,58505,6935
26,105,12285,1895,12820,1407,25105,3302
26,107,18956,2724,19265,2128,38221,4852
26,109,10669,1146,10471,1131,21140,2277
26,111,37251,3602,39026,3132,76277,6734
26,113,6595,1016,6522,738,13117,1754
26,115,67649,6066,70833,5009,138482,11075
26,117,26455,3758,27230,3094,53685,6852
26,119,4024,700,4066,499,8090,1199
26,121,72693,8208,79276,6412,151969,14620
26,123,21189,2645,21487,2188,42676,4833
26,125,540991,53142,583675,45780,1124666,98922
26,127,11339,1861,11398,1458,22737,3319
26,129,9179,1263,9466,1044,18645,2307
26,131,2755,457,2664,358,5419,815
26,133,9666,1847,10119,1340,19785,3187
26,135,3544,791,3402,664,6946,1455
26,137,10454,1369,11063,1070,21517,2439
26,139,124049,9990,129902,7876,253951,17866
26,141,5692,745,5811,629,11503,1374
26,143,10354,1533,10736,1218,21090,2751
26,145,83873,8958,92158,8175,176031,17133
26,147,70567,8439,73895,6338,144462,14777
26,149,26216,3753,27574,2924,53790,6677
26,151,17714,2968,18524,2512,36238,5480
26,153,3498,543,3717,421,7215,964
26,155,29932,3966,31666,3101,61598,7067
26,157,23607,3046,24523,2326,48130,5372
26,159,32007,5068,34044,3772,66051,8840
26,161,160510,11975,167436,9812,327946,21787
26,163,726438,121939,823153,95246,1549591,217185
26,165,14036,2235,14703,1532,28739,3767
27,001,7304,628,7277,437,14581,1065
27,003,155823,11886,159251,9448,315074,21334
27,005,14446,1952,14841,1504,29287,3456
27,007,19419,3079,19771,2658,39190,5737
27,009,17465,1820,18070,1356,35535,3176
27,011,2288,174,2417,126,4705,300
27,013,30414,2115,30581,1479,60995,3594
27,015,11642,841,11987,579,23629,1420
27,017,16346,1305,15943,971,32289,2276
27,019,44942,2338,46391,1785,91333,4123
27,021,12836,1582,12842,1039,25678,2621
27,023,5383,518,5591,468,10974,986
27,025,24809,1884,24450,1341,49259,3225
27,027,27578,2300,29120,1387,56698,3687
27,029,3809,573,3785,488,7594,1061
27,031,2296,290,2368,196,4664,486
27,033,5179,423,5585,249,10764,672
27,035,28271,2773,29546,1754,57817,4527
27,037,186300,13285,195459,11601,381759,24886
27,039,9491,582,9571,500,19062,1082
27,041,16951,1242,17145,892,34096,2134
27,043,6459,557,6437,466,12896,1023
27,045,9245,1033,9430,806,18675,1839
27,047,13709,1357,14389,970,28098,2327
27,049,20893,1771,21272,1646,42165,3417
27,051,2788,185,2794,134,5582,319
27,053,531559,53042,563962,39808,1095521,92850
27,055,8778,546,8804,468,17582,1014
27,057,9250,975,9560,698,18810,1673
27,059,17605,1560,17777,1036,35382,2596
27,061,20410,2134,20142,1898,40552,4032
27,063,4773,334,4757,226,9530,560
27,065,7273,765,7292,542,14565,1307
27,067,19068,1997,19480,1287,38548,3284
27,069,2048,173,2015,123,4063,296
27,071,5810,670,5986,427,11796,1097
27,073,3298,203,3252,145,6550,348
27,075,5051,326,4860,344,9911,670
27,077,1792,222,1769,112,3561,334
27,079,13150,806,12839,735,25989,1541
27,081,2669,198,2607,169,5276,367
27,083,11652,1034,12152,562,23804,1596
27,085,16345,1426,16902,1057,33247,2483
27,087,2291,464,2243,460,4534,924
27,089,4370,405,4280,330,8650,735
27,091,9251,725,9456,690,18707,1415
27,093,10443,1102,10532,754,20975,1856
27,095,11568,1188,11699,896,23267,2084
27,097,15039,1432,15147,1013,30186,2445
27,099,17518,1895,18117,1318,35635,3213
27,101,3890,299,3905,322,7795,621
27,103,15555,844,15863,644,31418,1488
27,105,9434,1648,9187,1130,18621,2778
27,107,2979,343,3049,195,6028,538
27,109,66247,5093,71931,3469,138178,8562
27,111,26409,1967,26916,1504,53325,3471
27,113,6487,499,6681,240,13168,739
27,115,12590,1473,12495,1049,25085,2522
27,117,3966,479,4408,339,8374,818
27,119,14463,1226,14393,900,28856,2126
27,121,5121,385,5047,219,10168,604
27,123,228045,26230,249216,19701,477261,45931
27,125,1872,184,1914,68,3786,252
27,127,7054,757,7071,571,14125,1328
27,129,7016,563,6798,503,13814,1066
27,131,27682,2731,29574,2022,57256,4753
27,133,4210,337,4483,312,8693,649
27,135,7498,407,7133,385,14631,792
27,137,91466,7407,93151,5140,184617,12547
27,139,63816,4279,64480,3368,128296,7647
27,141,41926,2684,42301,1600,84227,4284
27,143,7125,445,6891,431,14016,876
27,145,70278,5627,71882,3644,142160,9271
27,147,16659,1065,17658,754,34317,1819
27,149,4668,219,4615,184,9283,403
27,151,4446,326,4412,204,8858,530
27,153,10868,1518,10527,1372,21395,2890
27,155,1586,79,1623,53,3209,132
27,157,10047,612,10101,434,20148,1046
27,159,6044,661,6338,424,12382,1085
27,161,8524,560,8332,512,16856,1072
27,163,112949,6485,119396,4682,232345,11167
27,165,4631,777,4882,629,9513,1406
27,167,3036,206,2959,173,5995,379
27,169,22371,2613,24235,1509,46606,4122
27,171,60440,3886,60402,3171,120842,7057
27,173,4645,462,4459,344,9104,806
29,001,10824,1177,11811,1435,22635,2612
29,003,7657,827,8051,579,15708,1406
29,005,2268,394,2392,287,4660,681
29,007,9791,1853,10925,1539,20716,3392
29,009,14276,3505,14770,2880,29046,6385
29,011,5177,780,5425,668,10602,1448
29,013,6891,1119,7239,1100,14130,2219
29,015,8015,1303,8169,1163,16184,2466
29,017,5313,833,5358,766,10671,1599
29,019,74337,7488,81131,6446,155468,13934
29,021,35906,6568,38780,5467,74686,12035
29,023,17314,3107,19400,2516,36714,5623
29,025,3960,481,4001,453,7961,934
29,027,18353,2151,19311,2318,37664,4469
29,029,17731,3647,18484,3655,36215,7302
29,031,33392,3674,35954,3535,69346,7209
29,033,3922,437,4094,549,8016,986
29,035,2380,608,2712,551,5092,1159
29,037,43701,5306,46476,4398,90177,9704
29,039,5604,1255,5514,1376,11118,2631
29,041,3427,307,3430,269,6857,576
29,043,33745,5297,36471,4930,70216,10227
29,045,2926,543,2883,497,5809,1040
29,047,99877,12035,105832,11096,205709,23131
29,049,8726,1260,8835,1212,17561,2472
29,051,31386,3738,34245,3179,65631,6917
29,053,6966,1006,7347,725,14313,1731
29,055,9853,2166,10515,1841,20368,4007
29,057,3152,649,3070,613,6222,1262
29,059,6336,1862,6412,1760,12748,3622
29,061,3130,916,3150,881,6280,1797
29,063,4219,527,4212,393,8431,920
29,065,6000,1568,6542,1327,12542,2895
29,067,5437,1236,5560,1160,10997,2396
29,069,12334,2629,13394,2534,25728,5163
29,071,44984,5261,45939,4878,90923,10139
29,073,6544,770,6742,619,13286,1389
29,075,2818,397,3044,362,5862,759
29,077,114052,21695,125498,18123,239550,39818
29,079,4033,812,4472,755,8505,1567
29,081,3585,681,3697,573,7282,1254
29,083,9081,1570,9737,1406,18818,2976
29,085,3643,917,3872,822,7515,1739
29,087,1970,278,1969,281,3939,559
29,089,4509,504,4607,435,9116,939
29,091,16754,2599,18027,2511,34781,5110
29,093,4038,863,4303,775,8341,1638
29,095,274189,51746,301575,46734,575764,98480
29,097,47538,9084,50298,9147,97836,18231
29,099,97569,11891,100070,10451,197639,22342
29,101,22043,2750,23188,2558,45231,5308
29,103,1561,424,1540,433,3101,857
29,105,14481,2881,14812,2946,29293,5827
29,107,14263,1786,14908,1447,29171,3233
29,109,15755,2885,16235,2782,31990,5667
29,111,4568,481,4372,548,8940,1029
29,113,23642,2898,23748,3079,47390,5977
29,115,5065,811,5529,919,10594,1730
29,117,5604,965,6401,794,12005,1759
29,119,8953,2573,8596,2482,17549,5055
29,121,6564,896,6670,1058,13234,1954
29,123,4999,953,5528,752,10527,1705
29,125,3874,585,3844,630,7718,1215
29,127,11569,1990,12609,1996,24178,3986
29,129,1438,395,1507,322,2945,717
29,131,10355,1786,10929,1608,21284,3394
29,133,4754,1288,5250,1214,10004,2502
29,135,5859,1191,6205,1222,12064,2413
29,137,3677,648,3682,566,7359,1214
29,139,4996,786,5140,676,10136,1462
29,141,7732,2303,7555,2318,15287,4621
29,143,7092,1596,7626,1728,14718,3324
29,145,24386,4432,24757,4545,49143,8977
29,147,9723,1143,10229,1189,19952,2332
29,149,4449,885,4581,930,9030,1815
29,151,6519,641,6123,336,12642,977
29,153,3965,858,3938,719,7903,1577
29,155,6879,1462,7736,1580,14615,3042
29,157,8633,751,8765,658,17398,1409
29,159,16923,3233,18256,3036,35179,6269
29,161,20113,2833,18995,2189,39108,5022
29,163,6882,1238,7243,908,14125,2146
29,165,41729,3706,43224,3804,84953,7510
29,167,13045,1922,13745,1993,26790,3915
29,169,16880,2934,17970,2288,34850,5222
29,171,2057,382,2040,363,4097,745
29,173,4421,700,4473,595,8894,1295
29,175,9737,1641,10388,1432,20125,3073
29,177,10234,1135,10395,986,20629,2121
29,179,2900,383,2725,436,5625,819
29,181,5641,1250,5926,1100,11567,2350
29,183,170019,13371,177309,12345,347328,25716
29,185,3806,881,3809,792,7615,1673
29,186,8552,418,8046,767,16598,1185
29,187,24374,4136,26292,3638,50666,7774
29,189,423435,45306,477858,42847,901293,88153
29,195,10359,1083,10451,987,20810,2070
29,197,1662,454,1855,372,3517,826
29,199,1613,778,1806,581,3419,1359
29,201,16351,2471,17253,2522,33604,4993
29,203,3358,716,3501,678,6859,1394
29,205,2474,497,2554,447,5028,944
29,207,12035,2363,12921,2117,24956,4480
29,209,12806,2449,13343,2523,26149,4972
29,211,2783,488,2689,495,5472,983
29,213,20078,5674,21802,5549,41880,11223
29,215,9999,1996,10373,1902,20372,3898
29,217,7993,1875,8945,1590,16938,3465
29,219,14369,2102,14662,1732,29031,3834
29,221,10110,1857,10145,1849,20255,3706
29,223,5477,1115,5609,1054,11086,2169
29,225,14141,3790,14511,3378,28652,7168
29,227,859,147,906,110,1765,257
29,229,7116,1859,7620,1657,14736,3516
29,510,122966,27480,138200,24440,261166,51920
28,001,10865,3146,13122,2483,23987,5629
28,003,14442,3433,16119,2794,30561,6227
28,005,5265,1026,5465,971,10730,1997
28,007,7498,1341,8869,1160,16367,2501
28,009,3398,676,3619,696,7017,1372
28,011,11911,3314,15085,2666,26996,5980
28,013,5841,1212,6498,1086,12339,2298
28,015,4276,770,4524,580,8800,1350
28,017,6650,1511,7634,1291,14284,2802
28,019,3352,659,3784,459,7136,1118
28,021,3398,910,4110,858,7508,1768
28,023,6669,1016,7430,1191,14099,2207
28,025,7804,1453,9273,1464,17077,2917
28,027,9445,2065,11366,2085,20811,4150
28,029,10959,2943,12458,2411,23417,5354
28,031,7549,1596,8578,1499,16127,3095
28,033,70131,11179,75876,10577,146007,21756
28,035,28939,6894,33998,5750,62937,12644
28,037,3170,621,3314,672,6484,1293
28,039,9247,1973,9214,2200,18461,4173
28,041,4221,945,4659,995,8880,1940
28,043,8671,1336,9911,1348,18582,2684
28,045,17172,5111,18887,4307,36059,9418
28,047,72667,18692,79448,17720,152115,36412
28,049,92795,20840,110849,18840,203644,39680
28,051,7016,1885,8096,1636,15112,3521
28,053,3399,831,3738,929,7137,1760
28,055,452,122,392,54,844,176
28,057,9983,1592,10393,1248,20376,2840
28,059,56066,12275,59214,11759,115280,24034
28,061,6799,1160,7498,1015,14297,2175
28,063,2776,509,3353,521,6129,1030
28,065,4525,1117,4954,1234,9479,2351
28,067,28118,4544,29379,5481,57497,10025
28,069,3883,763,4280,741,8163,1504
28,071,21278,3156,23650,2499,44928,5655
28,073,23481,4500,25482,4475,48963,8975
28,075,30735,5094,34787,5848,65522,10942
28,077,5157,1011,5309,1096,10466,2107
28,079,8559,2216,9134,2293,17693,4509
28,081,34316,5627,38624,5447,72940,11074
28,083,11343,3248,13590,2675,24933,5923
28,085,13904,2489,14956,2823,28860,5312
28,087,22830,4314,25998,4761,48828,9075
28,089,42518,4619,47943,3948,90461,8567
28,091,10094,2173,10761,2325,20855,4498
28,093,13625,3139,15270,3070,28895,6209
28,095,14672,2389,16099,2600,30771,4989
28,097,4323,547,4879,598,9202,1145
28,099,11396,2592,12623,2524,24019,5116
28,101,8499,1583,9843,1548,18342,3131
28,103,4081,1140,4761,964,8842,2104
28,105,21214,3109,21499,2799,42713,5908
28,107,13551,2876,15501,2246,29052,5122
28,109,21467,5306,22456,5103,43923,10409
28,111,4383,1495,5138,1067,9521,2562
28,113,15503,3132,17909,2925,33412,6057
28,115,11979,3300,12552,2433,24531,5733
28,117,10214,2063,11030,1784,21244,3847
28,119,2771,848,3192,776,5963,1624
28,121,58718,8313,66576,7485,125294,15798
28,123,10538,2999,11649,2843,22187,5842
28,125,1542,565,2224,376,3766,941
28,127,10553,2396,11369,2450,21922,4846
28,129,6684,1116,7253,1117,13937,2233
28,131,7048,1645,7318,1406,14366,3051
28,133,8412,2549,10925,2264,19337,4813
28,135,3552,962,5273,726,8825,1688
28,137,11062,2487,12572,1817,23634,4304
28,139,9246,1568,9666,1471,18912,3039
28,141,7612,1654,8535,1478,16147,3132
28,143,3816,1036,4686,817,8502,1853
28,145,10912,2427,11947,2257,22859,4684
28,147,6014,1282,5852,1690,11866,2972
28,149,18641,3958,21323,3671,39964,7629
28,151,18157,4827,20778,5284,38935,10111
28,153,8352,1605,8995,1494,17347,3099
28,155,3951,922,4467,573,8418,1495
28,157,3268,709,3551,812,6819,1521
28,159,7620,1061,8191,1373,15811,2434
28,161,5011,965,5613,608,10624,1573
28,163,9419,2631,10493,1724,19912,4355
30,001,4070,562,4035,490,8105,1052
30,003,3687,2775,4007,2551,7694,5326
30,005,2153,1076,2308,971,4461,2047
30,007,2445,434,2431,332,4876,766
30,009,4396,704,4453,647,8849,1351
30,011,497,116,459,134,956,250
30,013,32558,5433,35087,5132,67645,10565
30,015,2242,661,2344,563,4586,1224
30,017,5149,672,5260,625,10409,1297
30,019,844,42,758,80,1602,122
30,021,4065,605,3919,437,7984,1042
30,023,3834,745,3656,487,7490,1232
30,025,1353,196,1304,167,2657,363
30,027,4763,888,4876,721,9639,1609
30,029,38210,8056,39283,7180,77493,15236
30,031,42674,6272,41109,4917,83783,11189
30,033,405,93,441,108,846,201
30,035,4047,2542,4625,2325,8672,4867
30,037,322,42,299,93,621,135
30,039,1395,221,1301,225,2696,446
30,041,7002,1317,6551,1519,13553,2836
30,043,5373,511,4850,599,10223,1110
30,045,932,109,775,181,1707,290
30,047,10614,3612,11416,3344,22030,6956
30,049,28620,3455,29722,2920,58342,6375
30,051,987,169,1036,155,2023,324
30,053,7780,1879,7663,1845,15443,3724
30,055,835,84,748,39,1583,123
30,057,3376,685,3131,515,6507,1200
30,059,737,150,826,160,1563,310
30,061,1591,509,1767,319,3358,828
30,063,46957,8965,48368,7019,95325,15984
30,065,2075,297,2021,363,4096,660
30,067,6335,1508,6846,929,13181,2437
30,069,169,63,147,64,316,127
30,071,1612,466,1678,371,3290,837
30,073,2449,589,2625,471,5074,1060
30,075,709,118,696,147,1405,265
30,077,2370,414,2215,372,4585,786
30,079,608,118,571,56,1179,174
30,081,16273,3831,17080,3386,33353,7217
30,083,4632,1067,4405,1028,9037,2095
30,085,3768,1672,4041,1373,7809,3045
30,087,3493,1025,3560,1191,7053,2216
30,089,4653,1092,4124,1341,8777,2433
30,091,1621,193,1650,112,3271,305
30,093,14473,2808,14162,2516,28635,5324
30,095,4172,507,4038,512,8210,1019
30,097,1534,226,1665,177,3199,403
30,099,2544,442,2580,439,5124,881
30,101,1838,518,1732,454,3570,972
30,103,388,44,347,33,735,77
30,105,3234,523,3301,409,6535,932
30,107,885,184,868,145,1753,329
30,109,403,73,410,76,813,149
30,111,63566,10886,66659,10258,130225,21144
37,001,61793,11848,68721,11831,130514,23679
37,003,15713,2301,16031,1981,31744,4282
37,005,4369,1002,4481,931,8850,1933
37,007,9707,2339,10387,1918,20094,4257
37,009,10685,2605,11580,1983,22265,4588
37,011,6224,1573,6565,1376,12789,2949
37,013,19022,3482,21646,3048,40668,6530
37,015,7722,1578,8666,1315,16388,2893
37,017,13489,2722,15516,2571,29005,5293
37,019,46541,9270,51200,7963,97741,17233
37,021,97521,19497,109819,16677,207340,36174
37,023,35628,7025,38742,5727,74370,12752
37,025,78787,12302,84177,11749,162964,24051
37,027,32631,6954,35162,6149,67793,13103
37,029,4459,488,4608,432,9067,920
37,031,26963,5127,29397,4961,56360,10088
37,033,9255,1611,9896,1485,19151,3096
37,035,63444,11588,68560,9556,132004,21144
37,037,27262,5354,30028,4042,57290,9396
37,039,10488,2637,11249,2436,21737,5073
37,041,5740,1163,6529,956,12269,2119
37,043,4078,994,4521,1002,8599,1996
37,045,38871,7516,43812,6666,82683,14182
37,047,20690,5109,24204,4529,44894,9638
37,049,38039,7825,44473,6620,82512,14445
37,051,115293,19292,143351,18868,258644,38160
37,053,9858,2142,10360,1831,20218,3973
37,055,13604,3436,14946,2720,28550,6156
37,057,67953,11300,72487,10369,140440,21669
37,059,17033,2985,18774,2265,35807,5250
37,061,21885,6997,24085,5858,45970,12855
37,063,110556,23537,130140,19125,240696,42662
37,065,20437,4951,24507,4335,44944,9286
37,067,142855,27087,164825,23837,307680,50924
37,069,25114,5007,26451,4666,51565,9673
37,071,83675,16824,91558,15628,175233,32452
37,073,5023,707,5360,536,10383,1243
37,075,3237,970,3518,861,6755,1831
37,077,22929,3950,25312,2850,48241,6800
37,079,7809,1790,8255,1427,16064,3217
37,081,200451,37996,230196,34220,430647,72216
37,083,20409,4057,24473,3054,44882,7111
37,085,47081,8855,53827,8332,100908,17187
37,087,23777,4670,26178,4045,49955,8715
37,089,43911,8840,48683,7206,92594,16046
37,091,8458,1524,10779,1411,19237,2935
37,093,18294,3161,21943,3481,40237,6642
37,095,1997,458,2152,420,4149,878
37,097,69972,10617,72976,10314,142948,20931
37,099,16388,3487,17794,2816,34182,6303
37,101,72358,14182,77916,12270,150274,26452
37,103,3862,1023,4482,696,8344,1719
37,105,22501,5700,24947,5037,47448,10737
37,107,21830,5509,26143,4306,47973,9815
37,109,33425,5657,34528,5400,67953,11057
37,111,18526,3360,19508,2625,38034,5985
37,113,13028,3366,14225,3072,27253,6438
37,115,8835,1533,9401,1025,18236,2558
37,117,9207,1912,10402,2070,19609,3982
37,119,394554,79148,440912,70014,835466,149162
37,121,6327,1139,6653,1084,12980,2223
37,123,10297,2606,11294,2567,21591,5173
37,125,37266,5229,41237,5632,78503,10861
37,127,37616,6774,41977,6855,79593,13629
37,129,84864,16254,96287,13171,181151,29425
37,131,7822,1734,9211,1484,17033,3218
37,133,60931,9861,73645,8594,134576,18455
37,135,58773,6925,66098,6134,124871,13059
37,137,5137,963,5386,863,10523,1826
37,139,15561,2888,17386,2810,32947,5698
37,141,21808,4329,23069,4293,44877,8622
37,143,5224,1107,5893,1157,11117,2264
37,145,15990,2909,17796,2138,33786,5047
37,147,69019,12197,79254,12067,148273,24264
37,149,8521,1162,8990,1384,17511,2546
37,151,57242,12444,60274,11241,117516,23685
37,153,17202,4131,19468,3935,36670,8066
37,155,49747,13868,56491,12539,106238,26407
37,157,38006,6007,41536,5754,79542,11761
37,159,55135,11191,60050,9456,115185,20647
37,161,26825,5113,29291,4740,56116,9853
37,163,24731,6401,26787,5332,51518,11733
37,165,13319,2850,15365,2603,28684,5453
37,167,25359,3955,25850,4026,51209,7981
37,169,19445,3237,20499,3040,39944,6277
37,171,29052,6524,31220,5627,60272,12151
37,173,5139,1619,5775,1441,10914,3060
37,175,12650,3093,13899,2805,26549,5898
37,177,1415,413,1396,343,2811,756
37,179,91176,13811,95909,11579,187085,25390
37,181,16836,3892,20309,3338,37145,7230
37,183,410336,59667,444583,52804,854919,112471
37,185,7584,1876,8704,1288,16288,3164
37,187,5022,764,5787,957,10809,1721
37,189,23127,2754,23493,2583,46620,5337
37,191,48265,9082,53636,8801,101901,17883
37,193,27936,5578,30011,4561,57947,10139
37,195,30989,7122,35996,6337,66985,13459
37,197,15503,3106,16609,2487,32112,5593
37,199,6997,1488,7526,1415,14523,2903
38,001,1062,115,1028,86,2090,201
38,003,4956,505,5111,332,10067,837
38,005,2752,732,2757,538,5509,1270
38,007,506,76,349,38,855,114
38,009,3109,328,2722,306,5831,634
38,011,1461,91,1505,99,2966,190
38,013,1040,168,869,130,1909,298
38,015,39076,3389,41128,2750,80204,6139
38,017,73605,7721,74144,5868,147749,13589
38,019,1834,94,1812,54,3646,148
38,021,2339,243,2279,188,4618,431
38,023,1048,109,1000,100,2048,209
38,025,1790,412,1626,315,3416,727
38,027,992,102,1137,65,2129,167
38,029,1597,129,1536,146,3133,275
38,031,1528,127,1542,103,3070,230
38,033,692,148,833,94,1525,242
38,035,31352,2691,30830,2197,62182,4888
38,037,1021,126,1066,110,2087,236
38,039,1047,98,1002,91,2049,189
38,041,1145,96,1135,83,2280,179
38,043,1144,135,1080,71,2224,206
38,045,1920,195,1838,91,3758,286
38,047,867,46,916,41,1783,87
38,049,2706,302,2545,185,5251,487
38,051,1236,58,1312,41,2548,99
38,053,3968,1083,3710,788,7678,1871
38,055,4285,392,4129,455,8414,847
38,057,4014,424,3668,415,7682,839
38,059,13459,1052,13184,743,26643,1795
38,061,4094,916,3434,711,7528,1627
38,063,1391,146,1300,129,2691,275
38,065,834,110,795,80,1629,190
38,067,3282,335,3222,203,6504,538
38,069,1806,305,1965,128,3771,433
38,071,4968,632,4974,491,9942,1123
38,073,2547,172,2450,132,4997,304
38,075,1192,65,1158,66,2350,131
38,077,7869,465,7377,436,15246,901
38,079,4522,2528,5293,2031,9815,4559
38,081,1933,97,1740,67,3673,164
38,083,618,50,626,43,1244,93
38,085,1431,752,1664,486,3095,1238
38,087,341,35,279,18,620,53
38,089,13171,1442,12384,1177,25555,2619
38,091,979,55,872,73,1851,128
38,093,9124,970,9324,745,18448,1715
38,095,1021,92,1061,85,2082,177
38,097,3777,223,3741,156,7518,379
38,099,4913,667,4880,367,9793,1034
38,101,28609,3115,29757,2358,58366,5473
38,103,1929,180,1857,153,3786,333
38,105,14385,1497,11912,1468,26297,2965
31,001,13894,1771,14127,1366,28021,3137
31,003,2880,305,2920,284,5800,589
31,005,194,29,200,25,394,54
31,007,355,44,365,56,720,100
31,009,214,79,207,51,421,130
31,011,2453,181,2430,211,4883,392
31,013,5247,428,4956,515,10203,943
31,015,894,132,883,103,1777,235
31,017,1283,172,1322,257,2605,429
31,019,21439,2104,22245,1568,43684,3672
31,021,2967,283,2957,338,5924,621
31,023,3741,371,3701,272,7442,643
31,025,11685,773,11691,780,23376,1553
31,027,4089,267,3947,224,8036,491
31,029,1627,243,1704,256,3331,499
31,031,2495,209,2679,328,5174,537
31,033,4538,380,4707,353,9245,733
31,035,2836,362,2704,376,5540,738
31,037,4633,786,4333,680,8966,1466
31,039,4041,437,4058,391,8099,828
31,041,4558,716,4818,587,9376,1303
31,043,8405,1570,8872,1735,17277,3305
31,045,3715,645,3960,741,7675,1386
31,047,10328,1645,10323,1499,20651,3144
31,049,824,147,827,127,1651,274
31,051,2521,356,2582,322,5103,678
31,053,15521,2220,16362,2033,31883,4253
31,055,228496,32282,242959,27736,471455,60018
31,057,873,162,821,121,1694,283
31,059,2426,307,2483,249,4909,556
31,061,1415,124,1370,134,2785,258
31,063,1170,127,1120,147,2290,274
31,065,2110,248,2178,269,4288,517
31,067,9878,830,10192,633,20070,1463
31,069,747,136,779,120,1526,256
31,071,836,100,877,85,1713,185
31,073,848,93,915,82,1763,175
31,075,335,57,338,39,673,96
31,077,1122,103,1098,120,2220,223
31,079,25029,4904,25624,4458,50653,9362
31,081,4189,305,4244,219,8433,524
31,083,1610,185,1423,187,3033,372
31,085,475,117,406,86,881,203
31,087,1261,194,1179,211,2440,405
31,089,4599,482,4691,461,9290,943
31,091,286,32,310,26,596,58
31,093,2996,238,2953,140,5949,378
31,095,3352,253,3390,325,6742,578
31,097,1770,187,1845,212,3615,399
31,099,2928,277,2976,285,5904,562
31,101,3516,521,3500,547,7016,1068
31,103,342,26,319,24,661,50
31,105,1535,289,1542,296,3077,585
31,107,3614,462,3751,498,7365,960
31,109,129832,16174,135393,12304,265225,28478
31,111,15665,1904,15915,2019,31580,3923
31,113,360,51,406,33,766,84
31,115,246,26,257,19,503,45
31,117,219,4,206,4,425,8
31,119,15094,2026,15516,1830,30610,3856
31,121,3455,310,3494,402,6949,712
31,123,2065,358,2051,248,4116,606
31,125,1553,218,1588,183,3141,401
31,127,3100,292,3377,281,6477,573
31,129,1886,260,1979,184,3865,444
31,131,6900,821,7198,634,14098,1455
31,133,1107,261,1173,144,2280,405
31,135,1318,114,1322,129,2640,243
31,137,4142,364,4120,359,8262,723
31,139,3276,287,3320,167,6596,454
31,141,14472,1958,14421,1492,28893,3450
31,143,2359,222,2388,187,4747,409
31,145,4618,689,4948,430,9566,1119
31,147,3711,319,3732,284,7443,603
31,149,582,89,567,127,1149,216
31,151,6427,857,6226,541,12653,1398
31,153,75886,5603,78430,5281,154316,10884
31,155,9715,720,9515,664,19230,1384
31,157,14776,2704,16164,2443,30940,5147
31,159,8006,588,7718,420,15724,1008
31,161,2185,372,2285,353,4470,725
31,163,1379,133,1430,107,2809,240
31,165,574,77,549,49,1123,126
31,167,2751,281,2725,310,5476,591
31,169,2339,159,2405,125,4744,284
31,171,315,41,297,22,612,63
31,173,2351,1050,2548,941,4899,1991
31,175,1869,232,1919,190,3788,422
31,177,9329,588,9285,867,18614,1455
31,179,4472,365,4203,345,8675,710
31,181,1593,163,1667,187,3260,350
31,183,399,33,375,40,774,73
31,185,6087,621,6010,538,12097,1159
33,001,25364,3734,27430,3127,52794,6861
33,003,19928,3653,20392,3124,40320,6777
33,005,32472,4282,35847,3084,68319,7366
33,007,13183,1853,13622,1713,26805,3566
33,009,38402,5228,40032,4836,78434,10064
33,011,178942,19692,185709,15685,364651,35377
33,013,63596,6756,68239,5583,131835,12339
33,015,134871,11591,140369,10100,275240,21691
33,017,53304,6948,57377,6285,110681,13233
33,019,18333,2630,19593,2148,37926,4778
34,001,112340,19078,124944,16097,237284,35175
34,003,391824,53563,426933,48157,818757,101720
34,005,192963,16726,213627,12770,406590,29496
34,007,212875,31229,239130,23082,452005,54311
34,009,40486,4651,44888,3602,85374,8253
34,011,59423,10828,66601,8609,126024,19437
34,013,303430,68533,350254,57907,653684,126440
34,015,128535,11903,138803,9679,267338,21582
34,017,258423,69020,272486,59125,530909,128145
34,019,56714,3170,60109,2305,116823,5475
34,021,154154,21815,171281,15938,325435,37753
34,023,350206,51055,376132,43310,726338,94365
34,025,273118,31154,295155,25547,568273,56701
34,027,222190,19830,235146,17038,457336,36868
34,029,251605,26431,277128,22954,528733,49385
34,031,199460,45684,221524,37168,420984,82852
34,033,27515,3442,30248,2723,57763,6165
34,035,145888,13951,155658,12324,301546,26275
34,037,65217,6547,67862,4954,133079,11501
34,039,220599,44217,241572,37837,462171,82054
34,041,46651,4979,50057,4518,96708,9497
35,001,272940,52028,296915,44601,569855,96629
35,003,1528,367,1451,228,2979,595
35,005,26078,5891,27592,5260,53670,11151
35,006,9819,2968,10636,2213,20455,5181
35,007,5246,879,5714,702,10960,1581
35,009,19743,4372,20736,3137,40479,7509
35,011,751,141,1002,101,1753,242
35,013,83656,18726,90314,17907,173970,36633
35,015,23842,4068,23388,3791,47230,7859
35,017,12900,1315,13334,1189,26234,2504
35,019,1815,209,1748,150,3563,359
35,021,274,17,246,27,520,44
35,023,1879,352,1862,430,3741,782
35,025,27173,6335,26439,6606,53612,12941
35,027,8397,1373,8737,1283,17134,2656
35,028,8611,523,8183,510,16794,1033
35,029,9539,2561,10103,2219,19642,4780
35,031,23399,12014,26997,11227,50396,23241
35,033,1699,527,2067,367,3766,894
35,035,24419,4996,26535,4567,50954,9563
35,037,3576,613,4109,365,7685,978
35,039,15072,4355,16670,3586,31742,7941
35,041,7984,1736,8234,1470,16218,3206
35,043,57383,9182,61538,7749,118921,16931
35,045,46708,14508,50124,12443,96832,26951
35,047,11235,2535,11977,2358,23212,4893
35,049,56164,13908,63236,11977,119400,25885
35,051,4718,973,5002,681,9720,1654
35,053,7482,1584,7246,1080,14728,2664
35,055,13285,2640,14135,2679,27420,5319
35,057,5959,1566,6662,909,12621,2475
35,059,1427,400,1549,346,2976,746
35,061,30560,6254,33613,4273,64173,10527
32,001,9756,1871,9845,1873,19601,3744
32,003,799278,201993,830625,180211,1629903,382204
32,005,19911,3602,20431,2952,40342,6554
32,007,22496,3962,20493,3991,42989,7953
32,009,387,128,475,146,862,274
32,011,652,140,732,140,1384,280
32,013,7339,1429,6497,1574,13836,3003
32,015,2775,447,2096,590,4871,1037
32,017,2095,415,1919,390,4014,805
32,019,21106,4645,21605,3982,42711,8627
32,021,1926,446,1816,296,3742,742
32,023,17457,3427,17963,3405,35420,6832
32,027,1995,525,1846,413,3841,938
32,029,1493,376,1826,210,3319,586
32,031,176960,39625,183055,32403,360015,72028
32,033,3873,526,3532,731,7405,1257
32,510,21461,4907,22411,3802,43872,8709
36,001,136092,11096,149544,7079,285636,18175
36,003,21718,2411,21566,1902,43284,4313
36,005,546151,112171,667792,79977,1213943,192148
36,007,87879,8190,93618,5438,181497,13628
36,009,34324,4389,35911,3604,70235,7993
36,011,34015,3875,35593,2514,69608,6389
36,013,58267,5797,61793,4155,120060,9952
36,015,37175,2867,41183,2753,78358,5620
36,017,21882,2543,22703,1852,44585,4395
36,019,35166,2815,37281,1930,72447,4745
36,021,27711,2424,28700,1636,56411,4060
36,023,21754,1994,23643,1182,45397,3176
36,025,21050,2238,21095,1983,42145,4221
36,027,128932,12845,138223,9320,267155,22165
36,029,407808,30636,449962,21593,857770,52229
36,031,16571,1724,17184,1210,33755,2934
36,033,20904,2679,20771,2095,41675,4774
36,035,23688,2953,25023,2103,48711,5056
36,037,26500,2833,27875,1715,54375,4548
36,039,20501,1739,21459,1697,41960,3436
36,041,2029,353,2217,137,4246,490
36,043,27782,3525,30157,1908,57939,5433
36,045,45675,4905,52114,3727,97789,8632
36,047,1049003,174172,1225395,136478,2274398,310650
36,049,12000,1526,12111,1135,24111,2661
36,051,28323,2011,30406,1597,58729,3608
36,053,32642,2656,35019,1471,67661,4127
36,055,332340,26459,364808,18562,697148,45021
36,057,21624,2545,23046,1810,44670,4355
36,059,595139,56534,648611,44182,1243750,100716
36,061,681115,82373,793398,61737,1474513,144110
36,063,95704,7556,103074,5711,198778,13267
36,065,101852,8753,109110,6067,210962,14820
36,067,205440,17840,226524,13226,431964,31066
36,069,48533,4413,52278,2959,100811,7372
36,071,163553,16726,173191,12204,336744,28930
36,073,17756,1951,18283,1388,36039,3339
36,075,54654,5561,56407,3777,111061,9338
36,077,26884,2673,29350,1834,56234,4507
36,079,45157,4059,46074,3540,91231,7599
36,081,908912,199532,1019688,158193,1928600,357725
36,083,72733,5474,76458,3465,149191,8939
36,085,207045,19813,227781,13987,434826,33800
36,087,140580,15354,149776,12368,290356,27722
36,089,47996,6068,50035,4289,98031,10357
36,091,101757,6317,107942,4428,209699,10745
36,093,68218,6160,74298,4396,142516,10556
36,095,14353,1482,15212,754,29565,2236
36,097,7916,1114,8390,669,16306,1783
36,099,14250,1859,14865,1491,29115,3350
36,101,43195,5104,45215,3995,88410,9099
36,103,658711,72441,702061,52982,1360772,125423
36,105,32306,4817,33861,3063,66167,7880
36,107,22472,2139,23751,1473,46223,3612
36,109,47132,3403,50126,2334,97258,5737
36,111,77152,9528,83276,7023,160428,16551
36,113,28599,3065,30686,2238,59285,5303
36,115,26765,3041,27667,2246,54432,5287
36,117,40840,4148,42943,3420,83783,7568
36,119,407309,52745,455397,38864,862706,91609
36,121,17208,1597,17779,1163,34987,2760
36,123,9630,2453,10188,2558,19818,5011
39,001,11652,2202,12190,1922,23842,4124
39,003,44827,6106,47505,4170,92332,10276
39,005,22362,3470,23713,3127,46075,6597
39,007,41075,6662,43352,5542,84427,12204
39,009,29257,2799,29877,2350,59134,5149
39,011,21176,1386,21370,1430,42546,2816
39,013,28812,3352,30819,2786,59631,6138
39,015,18406,3112,19983,2198,38389,5310
39,017,163145,17748,173128,15304,336273,33052
39,019,12116,1990,12340,1632,24456,3622
39,021,17416,1966,18175,1353,35591,3319
39,023,58470,6984,63812,5794,122282,12778
39,025,88894,9365,92534,8239,181428,17604
39,027,18135,2474,19000,1970,37135,4444
39,029,44011,6434,46550,5526,90561,11960
39,031,15556,2590,15536,2660,31092,5250
39,033,18546,2003,19625,2020,38171,4023
39,035,526859,66437,601157,53215,1128016,119652
39,037,22865,2645,24022,2213,46887,4858
39,039,16977,2192,17511,1679,34488,3871
39,041,86544,4668,89842,3441,176386,8109
39,043,32644,4193,35368,3004,68012,7197
39,045,66091,5886,69770,4743,135861,10629
39,047,12093,1818,12750,1609,24843,3427
39,049,511117,77423,557121,62162,1068238,139585
39,051,19523,1367,20214,999,39737,2366
39,053,12476,2209,13705,1756,26181,3965
39,055,40116,5896,42688,4557,82804,10453
39,057,71331,6600,77789,4516,149120,11116
39,059,16774,2444,18074,1851,34848,4295
39,061,339523,43509,380210,32950,719733,76459
39,063,33307,3300,35026,2975,68333,6275
39,065,13877,1873,13905,1877,27782,3750
39,067,6814,776,6933,858,13747,1634
39,069,12487,1198,13137,831,25624,2029
39,071,18337,2813,18763,2841,37100,5654
39,073,12117,1860,12703,1551,24820,3411
39,075,12699,8654,12058,9249,24757,17903
39,077,25591,3298,27087,2445,52678,5743
39,079,13973,1942,14869,1741,28842,3683
39,081,29123,3514,31757,2923,60880,6437
39,083,25850,3783,27262,3531,53112,7314
39,085,101515,9739,107925,8200,209440,17939
39,087,26399,3593,28448,2803,54847,6396
39,089,74195,7804,77981,7386,152176,15190
39,091,19176,3129,20589,2276,39765,5405
39,093,130768,13366,141653,10783,272421,24149
39,095,183219,25409,203622,18716,386841,44125
39,097,16709,2312,18209,1293,34918,3605
39,099,98779,11550,109376,9338,208155,20888
39,101,25849,3294,27630,3027,53479,6321
39,103,79425,6220,82372,5707,161797,11927
39,105,9951,1527,10483,1304,20434,2831
39,107,18786,1591,18863,1252,37649,2843
39,109,45696,4834,48031,4148,93727,8982
39,111,6389,842,6423,747,12812,1589
39,113,221306,31005,249399,23700,470705,54705
39,115,6195,1159,6417,954,12612,2113
39,117,15638,1728,15715,1616,31353,3344
39,119,36412,4893,39884,3967,76296,8860
39,121,5243,646,5432,657,10675,1303
39,123,18685,1501,19028,1519,37713,3020
39,125,8635,838,8773,817,17408,1655
39,127,16107,1826,15993,1823,32100,3649
39,129,23689,2254,24408,2016,48097,4270
39,131,11707,2310,12640,1357,24347,3667
39,133,71543,7060,75801,6452,147344,13512
39,135,18511,2018,18795,2029,37306,4047
39,137,16179,831,16121,790,32300,1621
39,139,49703,6482,53371,6270,103074,12752
39,141,31008,4216,33149,3191,64157,7407
39,143,26820,2648,27470,2397,54290,5045
39,145,31964,4628,34529,4037,66493,8665
39,147,25100,2377,25497,1961,50597,4338
39,149,22360,2057,22913,1377,45273,3434
39,151,161717,18295,175145,15018,336862,33313
39,153,232858,27322,255090,21505,487948,48827
39,155,85163,12942,94128,10463,179291,23405
39,157,39847,5517,41619,4711,81466,10228
39,159,23304,1945,23504,1475,46808,3420
39,161,12572,1307,13315,1101,25887,2408
39,163,5730,896,5921,614,11651,1510
39,165,98462,6599,103216,5654,201678,12253
39,167,26597,3277,28123,2685,54720,5962
39,169,48314,8351,49904,7723,98218,16074
39,171,16155,1681,17156,1254,33311,2935
39,173,58179,4587,61220,3660,119399,8247
39,175,9865,1105,10393,840,20258,1945
40,001,7818,3227,8131,2961,15949,6188
40,003,2091,355,1982,294,4073,649
40,005,4620,1271,5148,1433,9768,2704
40,007,2319,347,2318,467,4637,814
40,009,9006,1957,8870,1800,17876,3757
40,011,3144,469,3941,527,7085,996
40,013,16794,4402,18231,4136,35025,8538
40,015,10739,3495,10819,3197,21558,6692
40,017,54096,6921,57233,6067,111329,12988
40,019,18995,4017,20961,3842,39956,7859
40,021,18034,5459,18325,5702,36359,11161
40,023,5331,1895,5919,1797,11250,3692
40,025,950,204,996,168,1946,372
40,027,113205,16326,119149,14496,232354,30822
40,029,2095,743,2242,666,4337,1409
40,031,44938,8863,50108,8306,95046,17169
40,033,2377,585,2497,531,4874,1116
40,035,5675,1233,5666,1430,11341,2663
40,037,28847,5822,29842,5449,58689,11271
40,039,11710,2539,11990,2291,23700,4830
40,041,16145,4162,16743,3980,32888,8142
40,043,2008,415,2034,302,4042,717
40,045,1793,244,1874,184,3667,428
40,047,24926,4571,26885,3714,51811,8285
40,049,11088,2352,11481,2294,22569,4646
40,051,22055,4218,22808,3956,44863,8174
40,053,2010,177,1982,270,3992,447
40,055,2078,458,2015,490,4093,948
40,057,1104,235,1257,164,2361,399
40,059,1568,307,1643,232,3211,539
40,061,4857,1485,4929,1510,9786,2995
40,063,4591,1275,4939,1300,9530,2575
40,065,9811,1887,10682,2080,20493,3967
40,067,2425,695,2433,636,4858,1331
40,069,4257,1055,4298,1292,8555,2347
40,071,18064,4099,19228,3530,37292,7629
40,073,6676,903,6395,1169,13071,2072
40,075,3787,676,3804,836,7591,1512
40,077,4119,1194,4221,1032,8340,2226
40,079,18447,5735,19478,5085,37925,10820
40,081,14153,2800,14337,2813,28490,5613
40,083,18313,3563,19275,2987,37588,6550
40,085,3860,847,4177,694,8037,1541
40,087,15556,2496,15845,2338,31401,4834
40,089,12335,3672,12912,3806,25247,7478
40,091,7958,1904,8188,1922,16146,3826
40,093,3355,473,3344,464,6699,937
40,095,6309,1554,6322,1597,12631,3151
40,097,15800,4325,16888,3557,32688,7882
40,099,5264,1276,5525,1259,10789,2535
40,101,25770,6904,27841,6878,53611,13782
40,103,4961,617,5314,514,10275,1131
40,105,4128,968,4379,876,8507,1844
40,107,4562,1234,4333,1219,8895,2453
40,109,290614,69706,319677,62086,610291,131792
40,111,15883,3339,16422,3157,32305,6496
40,113,19240,3500,20344,3542,39584,7042
40,115,12486,3031,13216,2909,25702,5940
40,117,6814,1378,6761,1390,13575,2768
40,119,33802,5931,33833,4760,67635,10691
40,121,17011,4194,17701,4141,34712,8335
40,123,14501,3790,15928,3381,30429,7171
40,125,27591,5917,29672,5679,57263,11596
40,127,4053,1387,4462,1195,8515,2582
40,129,1630,235,1652,240,3282,475
40,131,38004,5648,39145,5424,77149,11072
40,133,9442,2759,10115,2725,19557,5484
40,135,15333,4912,16477,4370,31810,9282
40,137,18163,3303,19398,3340,37561,6643
40,139,8757,2504,8372,1825,17129,4329
40,141,2957,668,3127,598,6084,1266
40,143,247089,54017,268472,48606,515561,102623
40,145,31523,5502,33066,4991,64589,10493
40,147,20860,3976,22595,3927,43455,7903
40,149,5025,707,5024,670,10049,1377
40,151,3677,585,3657,402,7334,987
40,153,9307,902,8779,978,18086,1880
41,001,6847,845,6962,883,13809,1728
41,003,39465,3980,39520,3280,78985,7260
41,005,171023,19794,179518,17540,350541,37334
41,007,15177,2761,16376,2292,31553,5053
41,009,21777,2706,22015,2569,43792,5275
41,011,25506,4579,27783,3960,53289,8539
41,013,9015,1309,9178,1372,18193,2681
41,015,9356,1432,10131,1275,19487,2707
41,017,69387,12338,72618,11600,142005,23938
41,019,45725,6764,48143,5915,93868,12679
41,021,754,177,787,152,1541,329
41,023,3005,487,3207,443,6212,930
41,025,3115,433,3168,407,6283,840
41,027,9311,1994,9671,1692,18982,3686
41,029,84534,16280,92282,14188,176816,30468
41,031,8583,2016,8962,1739,17545,3755
41,033,34548,5828,37702,4663,72250,10491
41,035,28026,4452,28850,4124,56876,8576
41,037,3203,540,3147,471,6350,1011
41,039,150317,24192,161782,19249,312099,43441
41,041,18568,3765,20081,3652,38649,7417
41,043,50776,7628,53255,6574,104031,14202
41,045,11227,2206,11663,2105,22890,4311
41,047,131443,24315,141525,20041,272968,44356
41,049,5057,741,4632,766,9689,1507
41,051,323119,53210,345432,41447,668551,94657
41,053,32708,4268,36242,3666,68950,7934
41,055,704,199,766,126,1470,325
41,057,10705,1559,10946,1557,21651,3116
41,059,30466,5561,31784,4760,62250,10321
41,061,10846,1648,11547,1416,22393,3064
41,063,2903,428,3121,311,6024,739
41,065,10397,1964,11059,1641,21456,3605
41,067,238347,34065,251792,28520,490139,62585
41,069,609,40,614,76,1223,116
41,071,42081,6619,45550,4735,87631,11354
42,001,45267,4419,46924,3839,92191,8258
42,003,536490,48058,596998,35491,1133488,83549
42,005,30637,2828,31315,2661,61952,5489
42,007,75565,5976,81562,5378,157127,11354
42,009,21515,2699,21871,2457,43386,5156
42,011,179872,20953,191095,17231,370967,38184
42,013,55111,5728,59618,4406,114729,10134
42,015,26927,3428,28330,2923,55257,6351
42,017,283543,20263,300110,16531,583653,36794
42,019,84451,5945,88136,5118,172587,11063
42,021,59888,5256,65635,4046,125523,9302
42,023,2224,193,2302,105,4526,298
42,025,28504,2939,29761,2620,58265,5559
42,027,73881,5854,70268,4384,144149,10238
42,029,226928,20920,240899,16180,467827,37100
42,031,16960,2041,18309,1721,35269,3762
42,033,33960,3682,35154,3195,69114,6877
42,035,16748,2119,18306,1834,35054,3953
42,037,29360,2388,32437,1957,61797,4345
42,039,36696,5586,38231,5244,74927,10830
42,041,105040,9174,113648,7226,218688,16400
42,043,115148,13772,127773,11033,242921,24805
42,045,241202,23418,269945,19730,511147,43148
42,047,14208,1204,14844,791,29052,1995
42,049,121595,12453,131087,9475,252682,21928
42,051,57134,6460,62630,5263,119764,11723
42,053,1618,95,1800,156,3418,251
42,055,63891,10065,68419,8597,132310,18662
42,057,6665,725,6698,562,13363,1287
42,059,14997,1423,16705,1409,31702,2832
42,061,18556,2031,19914,1550,38470,3581
42,063,37802,5238,38940,4362,76742,9600
42,065,19527,2451,19928,2305,39455,4756
42,067,10386,1917,10615,1643,21001,3560
42,069,91401,9669,101629,6991,193030,16660
42,071,221257,34798,235699,31456,456956,66254
42,073,38993,3672,41997,3459,80990,7131
42,075,57116,8512,61657,6814,118773,15326
42,077,151765,19454,165135,15567,316900,35021
42,079,137597,14632,148186,11958,285783,26590
42,081,51054,5422,52534,4512,103588,9934
42,083,18718,1718,18801,1542,37519,3260
42,085,48461,5240,53276,4406,101737,9646
42,087,19174,3604,20046,3293,39220,6897
42,089,71747,10430,76082,8624,147829,19054
42,091,361453,25180,392043,20908,753496,46088
42,093,7936,723,8717,523,16653,1246
42,095,132436,12987,141524,9699,273960,22686
42,097,39185,4548,41667,4065,80852,8613
42,099,19945,2762,20190,2275,40135,5037
42,101,612194,114397,726984,87190,1339178,201587
42,103,25086,2848,25903,2381,50989,5229
42,105,7682,900,7666,898,15348,1798
42,107,61870,6938,64964,5868,126834,12806
42,109,16547,3112,17299,2766,33846,5878
42,111,32134,3445,33368,2942,65502,6387
42,113,2854,366,2758,213,5612,579
42,115,18579,2615,18736,2134,37315,4749
42,117,18480,2352,18945,2094,37425,4446
42,119,17003,2494,17874,2024,34877,4518
42,121,23455,2613,25029,2049,48484,4662
42,123,18265,1861,18589,1539,36854,3400
42,125,93215,7837,99622,5900,192837,13737
42,127,21793,2342,22210,1717,44003,4059
42,129,161502,12108,173372,9949,334874,22057
42,131,12674,1311,12815,1103,25489,2414
42,133,193984,20254,205039,15547,399023,35801
72,001,8508,735,8931,743,17439,1478
72,003,18314,1588,19844,820,38158,2408
72,005,24847,1964,28434,1216,53281,3180
72,007,12406,1086,13730,389,26136,1475
72,009,11555,445,12538,281,24093,726
72,011,13385,469,14389,264,27774,733
72,013,39611,3674,45973,1964,85584,5638
72,015,8381,511,9840,275,18221,786
72,017,10934,903,12446,461,23380,1364
72,019,14026,623,14797,284,28823,907
72,021,80901,8055,97722,5274,178623,13329
72,023,22323,1644,25163,1152,47486,2796
72,025,58988,5519,69285,3995,128273,9514
72,027,15448,901,16692,883,32140,1784
72,029,19868,3059,22331,2112,42199,5171
72,031,67743,9505,85104,5130,152847,14635
72,033,11333,1325,13343,679,24676,2004
72,035,20548,1901,22717,1442,43265,3343
72,037,5564,466,6469,308,12033,774
72,039,8143,634,8914,221,17057,855
72,041,18981,1539,20672,960,39653,2499
72,043,18314,1247,19813,846,38127,2093
72,045,9458,664,9875,342,19333,1006
72,047,16438,913,18004,400,34442,1313
72,049,777,103,622,55,1399,158
72,051,16997,1180,19085,790,36082,1970
72,053,14742,1442,17381,916,32123,2358
72,054,5696,320,6206,173,11902,493
72,055,8125,651,8945,479,17070,1130
72,057,18182,1545,21330,645,39512,2190
72,059,9262,549,10224,359,19486,908
72,061,39983,4428,47007,2216,86990,6644
72,063,20428,1732,23288,1121,43716,2853
72,065,18637,1398,20476,1034,39113,2432
72,067,7294,502,8531,392,15825,894
72,069,24593,1790,28617,915,53210,2705
72,071,19773,1757,21424,1262,41197,3019
72,073,7616,130,7840,116,15456,246
72,075,21979,1317,24571,962,46550,2279
72,077,17347,1781,19944,977,37291,2758
72,079,11222,826,12069,568,23291,1394
72,081,12665,1433,13317,1100,25982,2533
72,083,4377,222,4619,19,8996,241
72,085,17134,1490,19355,560,36489,2050
72,087,11617,1713,13850,1249,25467,2962
72,089,8170,943,9821,480,17991,1423
72,091,17726,2075,20365,1575,38091,3650
72,093,2963,181,3037,134,6000,315
72,095,5409,365,5803,119,11212,484
72,097,36046,3401,41326,1986,77372,5387
72,099,17789,1106,18949,756,36738,1862
72,101,15102,956,15465,755,30567,1711
72,103,12078,635,13616,440,25694,1075
72,105,13721,963,14420,594,28141,1557
72,107,10945,386,11007,152,21952,538
72,109,8535,540,9031,335,17566,875
72,111,10590,493,11393,258,21983,751
72,113,67617,5239,77442,3134,145059,8373
72,115,11639,614,12568,378,24207,992
72,117,6878,341,7383,202,14261,543
72,119,22740,2220,25791,1333,48531,3553
72,121,10724,763,12264,450,22988,1213
72,123,13279,1144,14744,739,28023,1883
72,125,15739,821,16824,654,32563,1475
72,127,144902,23415,183634,15978,328536,39393
72,129,18179,1259,19365,910,37544,2169
72,131,17816,1840,19621,1084,37437,2924
72,133,10348,714,10934,894,21282,1608
72,135,32717,3286,36357,2166,69074,5452
72,137,36247,3895,42118,2794,78365,6689
72,139,30934,2896,35846,1920,66780,4816
72,141,14090,1265,14979,1120,29069,2385
72,143,17345,1382,19009,820,36354,2202
72,145,25120,2154,27587,1822,52707,3976
72,147,4128,457,4261,284,8389,741
72,149,11330,565,12338,247,23668,812
72,151,16543,1026,17951,679,34494,1705
72,153,17710,1207,19557,737,37267,1944
44,001,21668,1527,23909,1403,45577,2930
44,003,73271,5936,79937,4404,153208,10340
44,005,34929,3532,38696,2747,73625,6279
44,007,259880,39761,291105,29863,550985,69624
44,009,56838,3949,61538,3037,118376,6986
45,001,10557,1616,11107,1521,21664,3137
45,003,66457,11763,73660,10259,140117,22022
45,005,3288,870,3874,725,7162,1595
45,007,77981,13678,84828,13434,162809,27112
45,009,5833,1422,6560,1456,12393,2878
45,011,8393,1764,10059,1590,18452,3354
45,013,65203,13044,74251,11394,139454,24438
45,015,76790,14687,82601,13959,159391,28646
45,017,5943,1245,6540,1110,12483,2355
45,019,147518,27588,165993,24784,313511,52372
45,021,22852,4085,24214,4363,47066,8448
45,023,13333,2418,14555,2043,27888,4461
45,025,18061,4230,20021,3415,38082,7645
45,027,12476,2754,14807,2550,27283,5304
45,029,13977,3684,16615,3138,30592,6822
45,031,26494,5130,30063,5479,56557,10609
45,033,11823,2818,13869,2550,25692,5368
45,035,58873,9427,65555,8997,124428,18424
45,037,10071,1561,10803,1356,20874,2917
45,039,8822,2045,10276,1634,19098,3679
45,041,54653,9130,64203,8756,118856,17886
45,043,23043,5322,25907,5666,48950,10988
45,045,191418,36038,210433,32540,401851,68578
45,047,26455,5937,30943,5161,57398,11098
45,049,7981,1277,8585,1251,16566,2528
45,051,110502,30159,122928,25877,233430,56036
45,053,9645,3107,10827,2293,20472,5400
45,055,25576,4545,27680,4370,53256,8915
45,057,31574,6691,35660,5498,67234,12189
45,059,26436,5237,28520,5001,54956,10238
45,061,6869,1249,7676,1059,14545,2308
45,063,113462,18221,123168,15916,236630,34137
45,065,3739,490,4037,355,7776,845
45,067,11895,2774,14719,2576,26614,5350
45,069,9909,2000,11330,1652,21239,3652
45,071,15554,2451,17302,1876,32856,4327
45,073,30610,5988,32900,4886,63510,10874
45,075,33986,8236,40299,7329,74285,15565
45,077,51713,7705,52787,7184,104500,14889
45,079,151728,23127,176936,21861,328664,44988
45,081,7809,2323,8061,1629,15870,3952
45,083,116394,21970,128890,19821,245284,41791
45,085,41053,7699,47931,7265,88984,14964
45,087,11273,1890,12828,1661,24101,3551
45,089,11827,2608,14320,2656,26147,5264
45,091,100411,14632,109930,13654,210341,28286
46,003,1228,120,1171,92,2399,212
46,005,8284,702,7876,999,16160,1701
46,007,1209,437,1419,333,2628,770
46,009,2563,127,2707,185,5270,312
46,011,15337,1441,14945,1191,30282,2632
46,013,16936,1375,17705,1494,34641,2869
46,015,2230,329,2358,273,4588,602
46,017,498,529,542,469,1040,998
46,019,4029,966,4329,836,8358,1802
46,021,702,29,757,60,1459,89
46,023,3578,909,3650,869,7228,1778
46,025,1657,175,1603,126,3260,301
46,027,6070,851,6226,656,12296,1507
46,029,12669,1152,12462,1165,25131,2317
46,031,1558,565,1619,407,3177,972
46,033,3586,437,3623,442,7209,879
46,035,8778,1039,9135,456,17913,1495
46,037,2426,334,2393,305,4819,639
46,039,2086,138,1909,140,3995,278
46,041,1728,959,1860,987,3588,1946
46,043,1168,245,1283,181,2451,426
46,045,1770,142,1888,97,3658,239
46,047,2999,348,3005,351,6004,699
46,049,1135,88,1011,70,2146,158
46,051,3334,406,3284,156,6618,562
46,053,1909,213,1848,206,3757,419
46,055,938,104,924,78,1862,182
46,057,2741,245,2698,157,5439,402
46,059,1529,163,1557,71,3086,234
46,061,1601,123,1553,106,3154,229
46,063,612,57,586,50,1198,107
46,065,7561,789,7576,567,15137,1356
46,067,3235,294,3261,193,6496,487
46,069,644,56,600,76,1244,132
46,071,1213,368,1242,371,2455,739
46,073,877,76,983,54,1860,130
46,075,326,64,332,59,658,123
46,077,2374,181,2323,141,4697,322
46,079,5612,476,5438,410,11050,886
46,081,10268,1828,10732,1570,21000,3398
46,083,23479,1225,23552,1339,47031,2564
46,085,1540,469,1464,342,3004,811
46,087,2512,236,2556,160,5068,396
46,089,935,208,971,61,1906,269
46,091,2212,202,1946,276,4158,478
46,093,11335,1390,10920,1420,22255,2810
46,095,733,290,867,162,1600,452
46,097,1070,81,1019,94,2089,175
46,099,78600,9208,81047,7340,159647,16548
46,101,2765,439,2955,224,5720,663
46,102,3849,2948,5023,2313,8872,5261
46,103,44048,6865,45946,6281,89994,13146
46,105,1314,183,1308,131,2622,314
46,107,1000,78,1059,94,2059,172
46,109,4011,1062,4127,920,8138,1982
46,111,1130,77,1005,73,2135,150
46,115,3000,267,2865,288,5865,555
46,117,1328,167,1350,117,2678,284
46,119,712,111,600,46,1312,157
46,121,3268,1556,3624,1455,6892,3011
46,123,2333,379,2383,265,4716,644
46,125,3818,305,3733,289,7551,594
46,127,6911,503,6929,379,13840,882
46,129,2297,304,2438,278,4735,582
46,135,9303,1212,9798,833,19101,2045
46,137,958,433,1131,311,2089,744
47,001,31601,4647,34889,3459,66490,8106
47,003,18606,3862,20181,2944,38787,6806
47,005,6716,1206,6888,1290,13604,2496
47,007,5313,1192,5129,829,10442,2021
47,009,52291,7725,57700,6300,109991,14025
47,011,41416,7723,45811,6183,87227,13906
47,013,16363,2910,18002,2375,34365,5285
47,015,5791,915,6198,715,11989,1630
47,017,11861,1745,12746,1520,24607,3265
47,019,22671,4536,24963,3704,47634,8240
47,021,16596,2798,17778,1931,34374,4729
47,023,6992,1252,7753,1251,14745,2503
47,025,13480,1832,14369,1537,27849,3369
47,027,3289,504,3422,472,6711,976
47,029,14340,2761,15175,2755,29515,5516
47,031,21912,3746,23965,3245,45877,6991
47,033,5490,1360,6572,965,12062,2325
47,035,23269,4419,25675,3444,48944,7863
47,037,257116,55169,294365,43931,551481,99100
47,039,4817,783,5231,628,10048,1411
47,041,7851,1534,8119,1287,15970,2821
47,043,21205,3245,22550,2955,43755,6200
47,045,16136,1960,17505,1914,33641,3874
47,047,16771,2081,17849,1678,34620,3759
47,049,7050,1592,7986,1068,15036,2660
47,051,17691,2152,18771,2174,36462,4326
47,053,19759,3175,22788,2799,42547,5974
47,055,11866,2083,13097,1514,24963,3597
47,057,9876,1399,10088,1227,19964,2626
47,059,27714,5087,30385,4211,58099,9298
47,061,5078,1516,5653,1091,10731,2607
47,063,24472,5810,27420,4556,51892,10366
47,065,143730,21800,161207,17627,304937,39427
47,067,2707,442,2959,371,5666,813
47,069,9478,1499,10360,1465,19838,2964
47,071,10421,2093,11258,1736,21679,3829
47,073,23655,3800,26009,2563,49664,6363
47,075,6982,1432,8640,961,15622,2393
47,077,11764,1556,12878,1541,24642,3097
47,079,13056,2240,14504,1927,27560,4167
47,081,9243,2136,9564,1870,18807,4006
47,083,3525,482,3603,487,7128,969
47,085,7632,1281,8283,831,15915,2112
47,087,4755,970,4997,596,9752,1566
47,089,22099,3314,23371,2941,45470,6255
47,091,6761,1094,7420,917,14181,2011
47,093,188715,25474,205163,21468,393878,46942
47,095,1964,378,2389,250,4353,628
47,097,9660,1851,11096,1950,20756,3801
47,099,16920,3586,17705,3572,34625,7158
47,101,5069,822,4928,891,9997,1713
47,103,14055,2213,15084,1824,29139,4037
47,105,21340,2980,22655,2853,43995,5833
47,107,21366,3828,23727,2762,45093,6590
47,109,10633,1884,11543,1691,22176,3575
47,111,9374,1653,10107,1307,19481,2960
47,113,39539,6281,45874,5340,85413,11621
47,115,11793,1866,12648,1684,24441,3550
47,117,12891,2314,13708,1923,26599,4237
47,119,34469,5451,38701,4290,73170,9741
47,121,4855,816,5065,839,9920,1655
47,123,19103,3290,19523,2866,38626,6156
47,125,70256,10425,82598,9307,152854,19732
47,127,2754,284,2852,367,5606,651
47,129,7940,1055,8613,955,16553,2010
47,131,12513,2215,14041,1941,26554,4156
47,133,9276,1406,9830,1293,19106,2699
47,135,3169,731,3164,667,6333,1398
47,137,2078,391,2231,305,4309,696
47,139,7102,1098,7282,968,14384,2066
47,141,29982,5917,32553,4582,62535,10499
47,143,13770,2097,14544,1610,28314,3707
47,145,22459,3278,24188,2686,46647,5964
47,147,27866,4735,30884,3162,58750,7897
47,149,119135,18793,127230,15032,246365,33825
47,151,8916,1704,9606,1510,18522,3214
47,153,6370,702,6438,861,12808,1563
47,155,35661,9701,38995,8383,74656,18084
47,157,362755,75492,425842,61338,788597,136830
47,159,8337,1010,8590,954,16927,1964
47,161,5719,822,5829,726,11548,1548
47,163,64972,9918,71960,8207,136932,18125
47,165,72373,9532,78051,8131,150424,17663
47,167,25881,4018,27879,2992,53760,7010
47,169,3132,702,3604,304,6736,1006
47,171,7447,1353,7908,1026,15355,2379
47,173,8076,1337,8249,1273,16325,2610
47,175,2385,342,2324,444,4709,786
47,177,16252,3256,17765,2210,34017,5466
47,179,52464,7566,56336,7167,108800,14733
47,181,6169,1124,6540,956,12709,2080
47,183,14459,2122,15906,1468,30365,3590
47,185,10891,1717,11526,1711,22417,3428
47,187,91344,5695,96717,5137,188061,10832
47,189,52625,6781,56770,5281,109395,12062
48,001,18394,4247,18148,4112,36542,8359
48,003,7005,1505,6326,1847,13331,3352
48,005,32551,8647,36126,8248,68677,16895
48,007,9334,2419,9949,2164,19283,4583
48,009,3703,631,3866,508,7569,1139
48,011,835,119,837,87,1672,206
48,013,18670,4520,18867,4536,37537,9056
48,015,11830,2424,11973,2414,23803,4838
48,017,2577,1020,2319,1080,4896,2100
48,019,8362,1913,8601,1726,16963,3639
48,021,30120,7315,30045,7386,60165,14701
48,023,1359,397,1524,275,2883,672
48,025,9837,2439,9597,3215,19434,5654
48,027,122102,21650,138608,21336,260710,42986
48,029,708529,166188,762263,156662,1470792,322850
48,031,4327,1037,4158,1089,8485,2126
48,033,352,10,314,29,666,39
48,035,6862,1821,7135,1805,13997,3626
48,037,34412,7917,38080,7433,72492,15350
48,039,132481,26179,136174,26559,268655,52738
48,041,85232,16282,85931,13975,171163,30257
48,043,3454,921,3970,808,7424,1729
48,045,659,212,618,181,1277,393
48,047,2335,1150,2526,887,4861,2037
48,049,14557,3542,16086,2617,30643,6159
48,051,7037,1491,6762,1830,13799,3321
48,053,17966,3763,18362,3739,36328,7502
48,055,13968,4891,14535,4039,28503,8930
48,057,8824,1912,8892,1844,17716,3756
48,059,4976,1607,5360,1508,10336,3115
48,061,137295,62556,146719,68645,284014,131201
48,063,4688,1389,4971,1400,9659,2789
48,065,2499,411,2655,455,5154,866
48,067,11536,2986,12405,2993,23941,5979
48,069,2591,1412,2678,1177,5269,2589
48,071,15184,3360,15082,3420,30266,6780
48,073,19081,5260,19740,4874,38821,10134
48,075,2421,470,2582,350,5003,820
48,077,4461,766,4233,943,8694,1709
48,079,1002,497,1038,412,2040,909
48,081,1277,310,1282,252,2559,562
48,083,3084,1115,3194,1106,6278,2221
48,085,364117,57505,384036,53416,748153,110921
48,087,1119,351,1189,337,2308,688
48,089,8211,1852,8609,1745,16820,3597
48,091,49481,9194,51021,8970,100502,18164
48,093,4842,1755,5054,1778,9896,3533
48,095,1211,148,1081,245,2292,393
48,097,15879,2963,16252,3158,32131,6121
48,099,23726,2768,29019,3462,52745,6230
48,101,582,204,557,167,1139,371
48,103,1940,387,1840,469,3780,856
48,105,1499,308,1388,424,2887,732
48,107,2246,626,2210,834,4456,1460
48,109,881,231,916,255,1797,486
48,111,2899,819,2415,842,5314,1661
48,113,887696,324950,964891,287195,1852587,612145
48,115,4527,1246,4383,1466,8910,2712
48,117,7472,1901,7461,2224,14933,4125
48,119,2060,509,2158,425,4218,934
48,121,304587,52747,318578,51497,623165,104244
48,123,7634,1642,7941,1559,15575,3201
48,125,824,199,842,212,1666,411
48,127,3776,1372,4082,1357,7858,2729
48,129,1346,377,1596,221,2942,598
48,131,4007,1549,3919,1571,7926,3120
48,133,6769,2117,7380,1794,14149,3911
48,135,57129,17173,55289,18582,112418,35755
48,137,686,156,879,173,1565,329
48,139,62565,14337,64983,13907,127548,28244
48,141,283850,99022,317237,104788,601087,203810
48,143,15099,4392,15903,4153,31002,8545
48,145,5895,1842,6431,1364,12326,3206
48,147,12352,2745,13042,2688,25394,5433
48,149,10407,1766,10148,2107,20555,3873
48,151,1412,390,1642,390,3054,780
48,153,2239,772,2521,597,4760,1369
48,155,496,73,531,64,1027,137
48,157,270364,48895,285749,48185,556113,97080
48,159,4374,940,4210,961,8584,1901
48,161,7124,1715,7321,1907,14445,3622
48,163,6192,1524,5279,2060,11471,3584
48,165,6378,3133,6053,3244,12431,6377
48,167,124825,25166,129851,23892,254676,49058
48,169,1545,484,1668,457,3213,941
48,171,9971,2226,10717,2091,20688,4317
48,173,516,139,446,79,962,218
48,175,3155,413,3291,434,6446,847
48,177,7522,2441,7408,2512,14930,4953
48,179,8533,2177,8407,2220,16940,4397
48,181,47981,11386,51363,10713,99344,22099
48,183,46507,12687,50620,11455,97127,24142
48,185,9497,2198,9357,2658,18854,4856
48,187,58660,10828,61380,10367,120040,21195
48,189,12814,3663,13412,3543,26226,7206
48,191,1206,370,1129,440,2335,810
48,193,3075,826,3688,443,6763,1269
48,195,2276,489,2246,478,4522,967
48,197,1532,391,1712,345,3244,736
48,199,22225,4897,22861,4952,45086,9849
48,201,1618879,533586,1696701,486665,3315580,1020251
48,203,26040,6171,27465,6090,53505,12261
48,205,1984,342,1959,339,3943,681
48,207,2190,440,1988,403,4178,843
48,209,71610,15558,77014,11636,148624,27194
48,211,1552,448,1536,527,3088,975
48,213,29559,8648,32037,7881,61596,16529
48,215,257222,135536,272464,146125,529686,281661
48,217,13420,3402,13665,3769,27085,7171
48,219,8887,2518,9184,2584,18071,5102
48,221,21323,4472,22328,4299,43651,8771
48,223,13492,3928,13916,3871,27408,7799
48,225,7507,1746,8766,1747,16273,3493
48,227,12648,2774,12681,2779,25329,5553
48,229,1042,336,1171,410,2213,746
48,231,34231,8835,36106,8048,70337,16883
48,233,9028,1827,8766,2079,17794,3906
48,235,667,157,679,139,1346,296
48,237,3106,830,3066,731,6172,1561
48,239,5925,1003,6262,1059,12187,2062
48,241,13089,3502,14946,3329,28035,6831
48,243,852,206,801,310,1653,516
48,245,89861,26481,96227,26458,186088,52939
48,247,1827,803,2053,533,3880,1336
48,249,15575,4670,16196,4620,31771,9290
48,251,59557,16156,61348,15792,120905,31948
48,253,4378,973,5783,1398,10161,2371
48,255,5180,1052,5187,770,10367,1822
48,257,42193,10864,45071,10169,87264,21033
48,259,15599,2200,16888,2215,32487,4415
48,261,198,97,192,78,390,175
48,263,342,64,325,40,667,104
48,265,19403,4288,20616,4902,40019,9190
48,267,1637,572,1700,518,3337,1090
48,269,87,49,120,11,207,60
48,271,1293,445,1131,354,2424,799
48,273,12628,3469,11798,3467,24426,6936
48,275,1500,326,1457,384,2957,710
48,277,19257,4479,20227,4937,39484,9416
48,279,5326,1561,5166,1487,10492,3048
48,281,7621,1924,8352,1832,15973,3756
48,283,2213,983,2280,814,4493,1797
48,285,7766,1495,8471,1382,16237,2877
48,287,6798,1244,6613,1521,13411,2765
48,289,6688,1571,6745,1716,13433,3287
48,291,27695,8434,27444,7858,55139,16292
48,293,8344,3005,8787,2345,17131,5350
48,295,1508,341,1254,335,2762,676
48,297,4064,886,4176,1158,8240,2044
48,299,7598,1502,8376,1594,15974,3096
48,301,53,21,33,10,86,31
48,303,115181,25530,121041,24799,236222,50329
48,305,2195,677,2271,590,4466,1267
48,307,3306,740,3409,691,6715,1431
48,309,93849,21068,102138,20131,195987,41199
48,311,341,64,349,24,690,88
48,313,3731,850,4045,1023,7776,1873
48,315,3761,1077,4209,1053,7970,2130
48,317,1974,612,1847,754,3821,1366
48,319,1535,652,1463,407,2998,1059
48,321,13769,4128,14174,4112,27943,8240
48,323,18607,8661,18814,9758,37421,18419
48,325,18545,3569,19705,2956,38250,6525
48,327,751,290,844,250,1595,540
48,329,59415,15246,59879,15709,119294,30955
48,331,9871,1918,10224,1877,20095,3795
48,333,1887,288,2108,436,3995,724
48,335,2548,788,2835,570,5383,1358
48,337,7160,2262,7429,2328,14589,4590
48,339,203475,43375,212877,39838,416352,83213
48,341,9007,2403,8437,2236,17444,4639
48,343,4990,1057,5323,1189,10313,2246
48,345,387,209,356,119,743,328
48,347,24195,6779,26244,7459,50439,14238
48,349,18433,4787,18895,5267,37328,10054
48,351,5334,1736,5786,1018,11120,2754
48,353,6040,1512,5859,1464,11899,2976
48,355,135715,34184,144940,32292,280655,66476
48,357,4160,1228,3919,1275,8079,2503
48,359,661,100,780,96,1441,196
48,361,33263,7689,34818,6744,68081,14433
48,363,10384,3285,10729,3244,21113,6529
48,365,9312,2118,10013,2259,19325,4377
48,367,49667,9106,50821,9399,100488,18505
48,369,3800,1306,3758,1058,7558,2364
48,371,5464,1551,5490,1261,10954,2812
48,373,16766,4163,16862,4307,33628,8470
48,375,42602,14415,45405,13402,88007,27817
48,377,2424,1181,2368,1331,4792,2512
48,379,4399,1209,4318,1044,8717,2253
48,381,53379,8330,56164,8041,109543,16371
48,383,1249,595,1150,572,2399,1167
48,385,1270,354,1232,409,2502,763
48,387,4706,1311,5175,1168,9881,2479
48,389,4368,860,4883,1253,9251,2113
48,391,2911,661,2944,602,5855,1263
48,393,384,58,414,75,798,133
48,395,6344,1812,6681,1499,13025,3311
48,397,36281,5253,38024,5226,74305,10479
48,399,4146,935,4227,928,8373,1863
48,401,18852,5291,19359,5367,38211,10658
48,403,3777,1276,4130,1174,7907,2450
48,405,3122,964,3314,1087,6436,2051
48,407,10737,2597,10586,2956,21323,5553
48,409,25544,6973,26358,6379,51902,13352
48,411,2429,513,2000,298,4429,811
48,413,1188,394,1217,425,2405,819
48,415,6772,1109,6466,1407,13238,2516
48,417,1309,307,1413,304,2722,611
48,419,9184,3301,9996,3064,19180,6365
48,421,1143,410,1167,303,2310,713
48,423,82135,21568,91107,20424,173242,41992
48,425,3218,875,3453,874,6671,1749
48,427,18529,11332,20213,12022,38742,23354
48,429,3528,915,3147,1191,6675,2106
48,431,501,179,472,156,973,335
48,433,568,113,571,111,1139,224
48,435,1496,515,1329,601,2825,1116
48,437,2853,616,3068,567,5921,1183
48,439,739469,189027,793135,177419,1532604,366446
48,441,51598,10570,56226,11336,107824,21906
48,443,363,67,416,75,779,142
48,445,4344,1483,4434,1352,8778,2835
48,447,585,135,639,175,1224,310
48,449,12377,3575,12702,3605,25079,7180
48,451,43247,10045,46420,10234,89667,20279
48,453,454074,106121,467836,86190,921910,192311
48,455,5485,1489,5866,1491,11351,2980
48,457,7657,1696,8058,1627,15715,3323
48,459,16130,3570,16157,3745,32287,7315
48,461,1214,378,1316,439,2530,817
48,463,9925,3035,10651,2984,20576,6019
48,465,17516,5036,17926,5882,35442,10918
48,467,20005,5621,21102,5344,41107,10965
48,469,35369,8179,36915,8540,72284,16719
48,471,19845,3706,24287,4320,44132,8026
48,473,17736,5186,17510,5160,35246,10346
48,475,4602,906,4370,1217,8972,2123
48,477,13553,3285,14529,2211,28082,5496
48,479,85837,40609,91945,42511,177782,83120
48,481,15744,4348,16861,4001,32605,8349
48,483,2148,673,2094,633,4242,1306
48,485,45680,9621,51992,10046,97672,19667
48,487,5337,1132,5308,1217,10645,2349
48,489,6349,3273,6820,3070,13169,6343
48,491,199404,30976,211551,27780,410955,58756
48,493,19112,3384,19368,2993,38480,6377
48,495,2829,879,2766,995,5595,1874
48,497,24533,5501,24716,5520,49249,11021
48,499,16976,3633,17291,4003,34267,7636
48,501,3063,1048,3125,966,6188,2014
48,503,6888,2148,7086,1934,13974,4082
48,505,4838,2306,4663,2467,9501,4773
48,507,4441,1286,4639,1440,9080,2726
49,001,2849,421,2673,440,5522,861
49,003,23124,2303,23051,2112,46175,4415
49,005,51912,6142,53168,5493,105080,11635
49,007,8742,1467,9307,1195,18049,2662
49,009,290,10,335,16,625,26
49,011,145687,14662,147007,12969,292694,27631
49,013,8292,1519,8101,1535,16393,3054
49,015,4683,715,4601,677,9284,1392
49,017,1979,488,1917,457,3896,945
49,019,3426,1354,3470,1073,6896,2427
49,021,18610,4636,19409,4043,38019,8679
49,023,4438,868,4299,652,8737,1520
49,025,2577,854,3145,534,5722,1388
49,027,5162,1151,5142,975,10304,2126
49,029,4663,545,4527,511,9190,1056
49,031,793,191,691,151,1484,342
49,033,971,117,995,204,1966,321
49,035,451726,84207,463806,71201,915532,155408
49,037,5357,1973,5604,1951,10961,3924
49,039,10296,2052,11239,2099,21535,4151
49,041,8616,1742,8384,1772,17000,3514
49,043,17112,2404,16860,2021,33972,4425
49,045,27050,3351,27218,2768,54268,6119
49,047,14957,2986,14652,2753,29609,5739
49,049,242176,32950,241635,31570,483811,64520
49,051,11263,2016,11400,1808,22663,3824
49,053,59249,13064,62096,12364,121345,25428
49,055,1070,327,1076,231,2146,558
49,057,100971,16736,102594,15564,203565,32300
51,001,12900,2962,14094,2753,26994,5715
51,003,44260,4170,49034,4068,93294,8238
51,005,7093,703,7364,666,14457,1369
51,007,5483,971,5376,848,10859,1819
51,009,13171,2199,15012,1588,28183,3787
51,011,6642,713,6903,879,13545,1592
51,013,97738,11574,101234,9734,198972,21308
51,015,30103,3876,32697,3556,62800,7432
51,017,1919,287,1971,344,3890,631
51,019,33970,3323,35008,3726,68978,7049
51,021,2578,245,2649,255,5227,500
51,023,15366,893,15919,708,31285,1601
51,025,6129,1200,7046,841,13175,2041
51,027,9635,1386,10011,1414,19646,2800
51,029,6196,1305,6470,1069,12666,2374
51,031,22926,3396,25433,2771,48359,6167
51,033,11117,1658,12880,1543,23997,3201
51,035,12746,2169,12772,2031,25518,4200
51,036,3040,478,3211,366,6251,844
51,037,5037,994,5142,1002,10179,1996
51,041,140593,15440,154425,14959,295018,30399
51,043,6011,910,6253,930,12264,1840
51,045,2140,345,2461,249,4601,594
51,047,19760,3129,21227,2709,40987,5838
51,049,3922,1018,4156,763,8078,1781
51,051,6679,911,6684,794,13363,1705
51,053,12015,1568,12668,1434,24683,3002
51,057,4431,704,5217,723,9648,1427
51,059,484051,64076,509943,57197,993994,121273
51,061,29662,3417,31138,2792,60800,6209
51,063,6874,900,6930,731,13804,1631
51,065,10621,1184,11949,956,22570,2140
51,067,23707,3737,24950,3592,48657,7329
51,069,34801,4806,36267,4491,71068,9297
51,071,6871,1369,7376,1158,14247,2527
51,073,15163,2448,16690,1875,31853,4323
51,075,9463,565,9654,727,19117,1292
51,077,6406,1063,6899,929,13305,1992
51,079,7787,1368,8152,1421,15939,2789
51,081,2862,304,3991,407,6853,711
51,083,13598,2820,15992,2384,29590,5204
51,085,45981,3228,48666,2723,94647,5951
51,087,131760,17728,151314,16043,283074,33771
51,089,21245,3589,23490,3644,44735,7233
51,091,788,215,1033,208,1821,423
51,093,15400,1844,16581,1445,31981,3289
51,095,30377,2719,33417,2569,63794,5288
51,097,3046,620,2929,511,5975,1131
51,099,11106,1084,11501,817,22607,1901
51,101,7059,784,7410,785,14469,1569
51,103,4506,709,5247,581,9753,1290
51,105,9978,1920,10177,1706,20155,3626
51,107,157541,14975,163902,12866,321443,27841
51,109,13771,2941,14541,2635,28312,5576
51,111,4355,870,5104,862,9459,1732
51,113,5113,1182,5844,832,10957,2014
51,115,3671,370,4387,333,8058,703
51,117,11851,2293,14112,1936,25963,4229
51,119,4455,555,4995,345,9450,900
51,121,45251,4418,43141,3090,88392,7508
51,125,6176,1016,6693,916,12869,1932
51,127,8949,665,8786,620,17735,1285
51,131,4367,1341,5069,1109,9436,2450
51,133,5443,494,5866,501,11309,995
51,135,6074,1133,6609,673,12683,1806
51,137,14125,2432,15708,1808,29833,4240
51,139,9798,1753,10341,1756,20139,3509
51,141,7405,1494,7873,1265,15278,2759
51,143,26329,3758,28133,3766,54462,7524
51,145,11450,1149,12004,1018,23454,2167
51,147,9331,1508,10247,1213,19578,2721
51,149,14557,1641,15041,1285,29598,2926
51,153,181415,29623,192841,25170,374256,54793
51,155,14622,1853,15274,1840,29896,3693
51,157,3041,626,3185,561,6226,1187
51,159,3021,350,3382,351,6403,701
51,161,40502,3370,45602,2595,86104,5965
51,163,9518,1452,9803,1492,19321,2944
51,165,32610,5364,35016,4421,67626,9785
51,167,11370,2263,12398,1988,23768,4251
51,169,9408,1489,9941,1111,19349,2600
51,171,17819,2682,19126,2645,36945,5327
51,173,12935,2252,14219,1792,27154,4044
51,175,7002,1249,7511,1110,14513,2359
51,177,54453,7609,58090,6628,112543,14237
51,179,57845,6038,62285,4940,120130,10978
51,181,2798,551,3020,454,5818,1005
51,183,2766,202,3316,342,6082,544
51,185,17568,3180,19194,2758,36762,5938
51,187,16779,2310,16876,2147,33655,4457
51,191,23508,3123,24471,3018,47979,6141
51,193,6984,1480,7735,1204,14719,2684
51,195,16419,2526,17017,2358,33436,4884
51,197,12470,1769,12508,2170,24978,3939
51,199,28042,2094,31490,1852,59532,3946
51,510,58340,11458,66921,9509,125261,20967
51,520,6543,1492,8273,1059,14816,2551
51,530,2489,551,2995,555,5484,1106
51,540,19142,2389,20847,2328,39989,4717
51,550,92540,9502,106793,9602,199333,19104
51,570,7065,947,8246,1010,15311,1957
51,580,2384,431,2323,418,4707,849
51,590,16255,2690,19869,2495,36124,5185
51,595,1825,684,2492,456,4317,1140
51,600,9803,1455,10508,1132,20311,2587
51,610,6120,166,6616,309,12736,475
51,620,3109,605,3958,655,7067,1260
51,630,10932,1700,12554,1962,23486,3662
51,640,2680,540,2962,404,5642,944
51,650,53054,8905,62299,7512,115353,16417
51,660,20221,3794,22806,3851,43027,7645
51,670,8816,1592,10088,1452,18904,3044
51,678,2913,214,2361,155,5274,369
51,680,31269,4648,36055,4663,67324,9311
51,683,16098,4164,16731,3696,32829,7860
51,685,5839,2304,5675,1721,11514,4025
51,690,4866,1064,6285,1056,11151,2120
51,700,68381,12028,81163,10640,149544,22668
51,710,87440,19429,96562,15844,184002,35273
51,720,1367,234,2155,193,3522,427
51,730,11320,2846,14554,2519,25874,5365
51,735,5482,338,5865,252,11347,590
51,740,37167,6080,42515,6536,79682,12616
51,750,7317,805,8094,670,15411,1475
51,760,79997,19858,95434,15861,175431,35719
51,770,38410,8301,43908,6823,82318,15124
51,775,10218,1258,11713,1306,21931,2564
51,790,9175,1415,11390,1665,20565,3080
51,800,35051,4543,40616,3608,75667,8151
51,810,177592,22265,203264,19818,380856,42083
51,820,8151,1881,9559,1418,17710,3299
51,830,5859,694,7727,292,13586,986
51,840,10765,2501,11474,2166,22239,4667
50,001,16935,1355,17583,841,34518,2196
50,003,16484,1227,17710,683,34194,1910
50,005,13745,1374,14869,633,28614,2007
50,007,73192,4265,78128,2958,151320,7223
50,009,2775,336,2882,214,5657,550
50,011,21866,1751,23348,910,45214,2661
50,013,3238,181,3398,135,6636,316
50,015,11169,1231,11606,926,22775,2157
50,017,13236,1091,13853,662,27089,1753
50,019,11937,1229,12539,798,24476,2027
50,021,27003,2340,29043,1462,56046,3802
50,023,27153,1838,28500,1139,55653,2977
50,025,19827,1631,20905,1054,40732,2685
50,027,24618,2209,26757,1685,51375,3894
53,001,7244,2345,7393,1866,14637,4211
53,003,9147,1338,10096,1276,19243,2614
53,005,78627,12759,81892,10110,160519,22869
53,007,30164,6518,31017,5995,61181,12513
53,009,30189,5059,32350,3823,62539,8882
53,011,191398,26615,202078,21962,393476,48577
53,013,1801,152,1772,204,3573,356
53,015,43804,6096,46637,4793,90441,10889
53,017,16380,3439,16466,3183,32846,6622
53,019,3358,584,3156,482,6514,1066
53,021,34404,8573,33744,7554,68148,16127
53,023,978,125,988,111,1966,236
53,025,36748,9464,37816,7528,74564,16992
53,027,28006,6113,29766,4657,57772,10770
53,029,32026,3558,35824,2956,67850,6514
53,031,12750,1462,13636,1516,26386,2978
53,033,902948,109785,931439,87970,1834387,197755
53,035,105860,12172,114564,9019,220424,21191
53,037,18041,2888,18507,2461,36548,5349
53,039,8931,1312,9304,1230,18235,2542
53,041,31708,5503,33362,4101,65070,9604
53,043,4580,558,4572,524,9152,1082
53,045,24762,5776,25128,3666,49890,9442
53,047,16363,4244,17129,3081,33492,7325
53,049,8472,1709,8944,1273,17416,2982
53,051,5656,956,5504,741,11160,1697
53,053,342382,49080,366397,41647,708779,90727
53,055,6533,1092,7315,961,13848,2053
53,057,49647,8556,52627,7262,102274,15818
53,059,5000,634,4888,683,9888,1317
53,061,324114,43247,333818,35930,657932,79177
53,063,203353,27783,218074,22614,421427,50397
53,065,18707,3059,18919,2601,37626,5660
53,067,109470,14498,121226,11366,230696,25864
53,069,1685,234,1875,179,3560,413
53,071,23430,3994,25935,3006,49365,7000
53,073,88692,12829,92693,11182,181385,24011
53,075,21484,2147,21226,1645,42710,3792
53,077,94384,27518,100082,22537,194466,50055
55,001,8852,1047,8731,623,17583,1670
55,003,7023,857,7210,668,14233,1525
55,005,20513,2246,20742,1595,41255,3841
55,007,6840,806,6659,621,13499,1427
55,009,112051,11974,118922,8628,230973,20602
55,011,6087,610,6131,404,12218,1014
55,013,7002,752,6922,526,13924,1278
55,015,23675,1135,23917,764,47592,1899
55,017,27969,2835,28154,2015,56123,4850
55,019,12917,4257,13163,3681,26080,7938
55,021,25586,2066,25850,1724,51436,3790
55,023,7223,724,7359,512,14582,1236
55,025,233187,17151,242391,13428,475578,30579
55,027,39787,2809,39114,2204,78901,5013
55,029,12515,989,13126,792,25641,1781
55,031,19364,2166,19725,1950,39089,4116
55,033,20042,2083,20090,1603,40132,3686
55,035,44541,4833,47417,3798,91958,8631
55,037,2117,212,1921,168,4038,380
55,039,45814,3550,47977,2919,93791,6469
55,041,3838,706,3760,647,7598,1353
55,043,23530,2547,22298,2000,45828,4547
55,045,16939,1262,17476,1020,34415,2282
55,047,8270,1201,8267,1029,16537,2230
55,049,10926,886,11228,549,22154,1435
55,051,2598,286,2655,263,5253,549
55,053,8752,1133,8570,882,17322,2015
55,055,38604,3136,39813,2311,78417,5447
55,057,11261,1407,11465,855,22726,2262
55,059,72812,8862,77613,6584,150425,15446
55,061,9778,576,9635,354,19413,930
55,063,52456,4225,55751,3356,108207,7581
55,065,7492,966,7453,824,14945,1790
55,067,8727,909,8809,860,17536,1769
55,069,12683,1144,13038,864,25721,2008
55,071,37344,2605,38095,1898,75439,4503
55,073,61200,6094,62787,3920,123987,10014
55,075,18931,1561,19019,1227,37950,2788
55,077,6877,704,6849,551,13726,1255
55,078,1427,716,1653,602,3080,1318
55,079,396071,59798,448635,42222,844706,102020
55,081,19450,2657,20110,2060,39560,4717
55,083,17497,1497,17166,1051,34663,2548
55,085,16064,1601,16488,970,32552,2571
55,087,82663,6476,85176,4627,167839,11103
55,089,40545,2024,42586,1561,83131,3585
55,091,3293,370,3209,382,6502,752
55,093,18519,1653,19153,1225,37672,2878
55,095,19563,2138,19648,1782,39211,3920
55,097,32286,2817,33287,1724,65573,4541
55,099,6398,455,6296,455,12694,910
55,101,83220,10012,89921,7615,173141,17627
55,103,7966,906,8038,695,16004,1601
55,105,69942,8250,75101,6048,145043,14298
55,107,6262,886,6450,621,12712,1507
55,109,39513,2938,40514,2392,80027,5330
55,111,28199,2991,28541,2533,56740,5524
55,113,7117,1018,7312,728,14429,1746
55,115,18453,2016,18780,1709,37233,3725
55,117,51687,4580,53467,3184,105154,7764
55,119,9110,1300,9115,813,18225,2113
55,121,13246,1379,13470,889,26716,2268
55,123,12288,2659,12561,2463,24849,5122
55,125,9450,1164,9854,710,19304,1874
55,127,45658,5450,47291,3835,92949,9285
55,129,6874,832,7253,554,14127,1386
55,131,62004,3345,63727,2899,125731,6244
55,133,182973,9129,191505,7700,374478,16829
55,135,23435,2093,23613,1501,47048,3594
55,137,10355,1332,10471,1011,20826,2343
55,139,74590,6032,78495,4794,153085,10826
55,141,33602,2741,35148,1845,68750,4586
54,001,6927,1173,7434,1040,14361,2213
54,003,47309,5793,49115,5848,96424,11641
54,005,10532,1330,10908,1114,21440,2444
54,007,6032,961,6145,971,12177,1932
54,009,10230,1236,11001,1006,21231,2242
54,011,40407,5898,44087,5004,84494,10902
54,013,3209,567,3072,686,6281,1253
54,015,3955,603,4026,498,7981,1101
54,017,3243,662,3175,536,6418,1198
54,019,18691,3142,19390,2986,38081,6128
54,021,3146,508,2909,501,6055,1009
54,023,5242,612,5419,432,10661,1044
54,025,14842,2261,15908,2024,30750,4285
54,027,9515,2254,9704,1538,19219,3792
54,029,13027,1533,13682,1731,26709,3264
54,031,6160,846,6168,704,12328,1550
54,033,29328,4163,31103,3815,60431,7978
54,035,13027,1410,13302,1341,26329,2751
54,037,23866,3089,25503,2490,49369,5579
54,039,80160,10691,88818,9372,168978,20063
54,041,7138,1004,7214,992,14352,1996
54,043,9453,1235,9667,1145,19120,2380
54,045,14693,2538,15770,2187,30463,4725
54,047,7748,1595,8604,1653,16352,3248
54,049,24474,3170,25607,3172,50081,6342
54,051,13971,1738,14765,1607,28736,3345
54,053,11796,1296,12095,1313,23891,2609
54,055,25765,3623,28569,3502,54334,7125
54,057,11880,1750,11854,2065,23734,3815
54,059,11009,1662,11547,1629,22556,3291
54,061,46145,5157,44376,4373,90521,9530
54,063,5882,761,5852,912,11734,1673
54,065,7057,1471,7458,1323,14515,2794
54,067,11361,1372,11541,1512,22902,2884
54,069,18578,2150,20274,2075,38852,4225
54,071,3204,399,3191,435,6395,834
54,073,3159,334,3257,266,6416,600
54,075,3544,655,3740,453,7284,1108
54,077,13622,2010,14136,1716,27758,3726
54,079,25264,2324,26190,2483,51454,4807
54,081,32067,4667,34436,4328,66503,8995
54,083,11948,1779,12104,1717,24052,3496
54,085,4232,754,4496,591,8728,1345
54,087,6351,829,6571,791,12922,1620
54,089,5359,752,5793,539,11152,1291
54,091,7287,967,7477,801,14764,1768
54,093,3067,301,3069,363,6136,664
54,095,3826,615,3884,634,7710,1249
54,097,10452,1736,10744,1471,21196,3207
54,099,17510,2711,18273,2887,35783,5598
54,101,3713,652,3833,671,7546,1323
54,103,6968,930,7266,895,14234,1825
54,105,2685,251,2492,413,5177,664
54,107,36251,5402,40175,4243,76426,9645
54,109,9990,1311,10135,1352,20125,2663
56,001,17650,1926,16276,,33926,
56,003,4937,968,4867,,9804,
56,005,21583,3092,19806,,41389,
56,007,6819,1089,6058,,12877,
56,009,6497,587,6052,,12549,
56,011,3201,479,3060,,6261,
56,013,15856,4060,16468,,32324,
56,015,5672,964,5569,,11241,
56,017,1942,395,2048,,3990,
56,019,4058,449,3660,,7718,
56,021,40089,5563,41797,,81886,
56,023,8316,1002,7928,,16244,
56,025,33677,6119,33595,,67272,
56,027,1011,142,931,,1942,
56,029,12141,1955,12766,,24907,
56,031,3579,837,3622,,7201,
56,033,12684,1703,13415,,26099,
56,035,4509,822,4067,,8576,
56,037,19891,3318,18600,,38491,
56,039,8948,2558,9555,,18503,
56,041,9132,1413,8711,,17843,
56,043,3349,691,3490,,6839,
56,045,2927,454,3087,,6014,
